0.567299672052073,0,-0
0.568404176351473,0,-4.28602442348154e-05
0.569508355589717,0,-8.71235741778737e-05
0.570612208813262,0,-0.000132789201234775
0.571715735068568,0,-0.000179856336811119
0.572818933402091,0,-0.000228324192312506
0.57392180286029,0,-0.000278191979144537
0.575024342489625,0,-0.000329458908712811
0.576126551336551,0,-0.000382124192422928
0.577228428447528,0,-0.000436187041680489
0.578329972869014,0,-0.000491646667891093
0.579431183647467,0,-0.000548502282460341
0.580532059829345,0,-0.000606753096793832
0.581632600461106,0,-0.000666398322297168
0.582732804589209,0,-0.000727437170375947
0.583832671260111,0,-0.000789868852435771
0.58493219952027,0,-0.000853692579882238
0.586031388416146,0,-0.00091890756412095
0.587130236994196,0,-0.000985513016557506
0.588228744300877,0,-0.00105350814859751
0.589326909382649,0,-0.00112289217164655
0.59042473128597,0,-0.00119366429711024
0.591522209057296,0,-0.00126582373639418
0.592619341743088,0,-0.00133936970090395
0.593716128389803,0,-0.00141430140204518
0.594812568043898,0,-0.00149061805122345
0.595908659751833,0,-0.00156831885984436
0.597004402560064,0,-0.00164740303931352
0.598099795515052,0,-0.00172786980103652
0.599194837663253,0,-0.00180971835641897
0.600289528051125,0,-0.00189294791686647
0.601383865725128,0,-0.00197755769378461
0.602477849731719,0,-0.00206354689857899
0.603571479117355,0,-0.00215091474265523
0.604664752928496,0,-0.0022396604374189
0.6057576702116,0,-0.00232978319427563
0.606850230013124,0,-0.002421282224631
0.607942431379527,0,-0.00251415673989061
0.609034273357267,0,-0.00260840595146007
0.610125754992802,0,-0.00270402907074498
0.61121687533259,0,-0.00280102530915093
0.612307633423089,0,-0.00289939387808353
0.613398028310758,0,-0.00299913398894838
0.614488059042055,0,-0.00310024485315107
0.615577724663437,0,-0.00320272568209721
0.616667024221363,0,-0.0033065756871924
0.617755956762291,0,-0.00341179407984223
0.61884452133268,0,-0.00351838007145232
0.619932716978987,0,-0.00362633287342824
0.62102054274767,0,-0.00373565169717562
0.622107997685189,0,-0.00384633575410004
0.623195080837999,0,-0.00395838425560711
0.624281791252561,0,-0.00407179641310243
0.625368127975332,0,-0.00418657143799159
0.626454090052771,0,-0.0043027085416802
0.627539676531334,0,-0.00442020693557386
0.628624886457481,0,-0.00453906583107817
0.62970971887767,0,-0.00465928443959873
0.630794172838359,0,-0.00478086197254113
0.631878247386006,0,-0.00490379764131098
0.632961941567069,0,-0.00502809065731388
0.634045254428006,0,-0.00515374023195543
0.635128185015275,0,-0.00528074557664122
0.636210732375336,0,-0.00540910590277687
0.637292895554644,0,-0.00553882042176796
0.63837467359966,0,-0.0056698883450201
0.639456065556841,0,-0.00580230888393889
0.640537070472645,0,-0.00593608124992993
0.64161768739353,0,-0.00607120465439882
0.642697915365955,0,-0.00620767830875116
0.643777753436377,0,-0.00634550142439254
0.644857200651255,0,-0.00648467321272858
0.645936256057047,0,-0.00662519288516486
0.647014918700211,0,-0.006767059653107
0.648093187627205,0,-0.00691027272796058
0.649171061884488,0,-0.00705483132113121
0.650248540518517,0,-0.00720073464402449
0.65132562257575,0,-0.00734798190804603
0.652402307102647,0,-0.00749657232460141
0.653478593145664,0,-0.00764650510509624
0.65455447975126,0,-0.00779777946093612
0.655629965965894,0,-0.00795039460352665
0.656705050836023,0,-0.00810434974427343
0.657779733408105,0,-0.00825964409458207
0.658854012728599,0,-0.00841627686585815
0.659927887843963,0,-0.00857424726950728
0.661001357800655,0,-0.00873355451693507
0.662074421645133,0,-0.0088941978195471
0.663147078423855,0,-0.00905617638874898
0.664219327183279,0,-0.00921948943594632
0.665291166969865,0,-0.00938413617254471
0.666362596830068,0,-0.00955011580994974
0.667433615810349,0,-0.00971742755956703
0.668504222957165,0,-0.00988607063280217
0.669574417316974,0,-0.0100560442410608
0.670644197936233,0,-0.0102273475957484
0.671713563861403,0,-0.0103999799082707
0.67278251413894,0,-0.0105739403900332
0.673851047815302,0,-0.0107492282524416
0.674919163936949,0,-0.0109258427069015
0.675986861550338,0,-0.0111037829648184
0.677054139701926,0,-0.0112830482375979
0.678120997438173,0,-0.0114636377366457
0.679187433805537,0,-0.0116455506733674
0.680253447850475,0,-0.0118287862591685
0.681319038619445,0,-0.0120133437054547
0.682384205158907,0,-0.0121992222236315
0.683448946515318,0,-0.0123864210251046
0.684513261735136,0,-0.0125749393212795
0.685577149864819,0,-0.0127647763235618
0.686640609950825,0,-0.0129559312433573
0.687703641039614,0,-0.0131484032920713
0.688766242177642,0,-0.0133421916811097
0.689828412411367,0,-0.0135372956218779
0.69089015078725,0,-0.0137337143257815
0.691951456351746,0,-0.0139314470042262
0.693012328151314,0,-0.0141304928686175
0.694072765232413,0,-0.0143308511303611
0.695132766641501,0,-0.0145325210008626
0.696192331425036,0,-0.0147355016915275
0.697251458629475,0,-0.0149397924137614
0.698310147301277,0,-0.01514539237897
0.699368396486901,0,-0.0153523007985589
0.700426205232804,0,-0.0155605168839336
0.701483572585445,0,-0.0157700398464998
0.702540497591281,0,-0.015980868897663
0.703596979296771,0,-0.0161930032488289
0.704653016748373,0,-0.016406442111403
0.705708608992546,0,-0.016621184696791
0.706763755075746,0,-0.0168372302163984
0.707818454044433,0,-0.017054577881631
0.708872704945064,0,-0.0172732269038941
0.709926506824098,0,-0.0174931764945935
0.710979858727993,0,-0.0177144258651348
0.712032759703207,0,-0.0179369742269235
0.713085208796198,0,-0.0181608207913653
0.714137205053425,0,-0.0183859647698657
0.715188747521344,0,-0.0186124053738304
0.716239835246416,0,-0.0188401418146649
0.717290467275097,0,-0.0190691733037749
0.718340642653846,0,-0.0192994990525659
0.719390360429121,0,-0.0195311182724436
0.72043961964738,0,-0.0197640301748136
0.721488419355081,0,-0.0199982339710814
0.722536758598683,0,-0.0202337288726527
0.723584636424644,0,-0.020470514090933
0.724632051879421,0,-0.020708588837328
0.725679004009473,0,-0.0209479523232432
0.726725491861259,0,-0.0211886037600843
0.727771514481235,0,-0.0214305423592569
0.728817070915861,0,-0.0216737673321665
0.729862160211594,0,-0.0219182778902187
0.730906781414893,0,-0.0221640732448193
0.731950933572216,0,-0.0224111526073737
0.73299461573002,0,-0.0226595151892875
0.734037826934765,0,-0.0229091602019664
0.735080566232908,0,-0.0231600868568159
0.736122832670907,0,-0.0234122943652417
0.737164625295221,0,-0.0236657819386494
0.738205943152307,0,-0.0239205487884445
0.739246785288624,0,-0.0241765941260327
0.74028715075063,0,-0.0244339171628195
0.741327038584784,0,-0.0246925171102106
0.742366447837542,0,-0.0249523931796116
0.743405377555364,0,-0.025213544582428
0.744443826784708,0,-0.0254759705300654
0.745481794572031,0,-0.0257396702339296
0.746519279963792,0,-0.0260046429054259
0.747556282006449,0,-0.0262708877559602
0.74859279974646,0,-0.0265384039969379
0.749628832230283,0,-0.0268071908397646
0.750664378504377,0,-0.027077247495846
0.751699437615199,0,-0.0273485731765877
0.752734008609208,0,-0.0276211670933952
0.753768090532862,0,-0.0278950284576742
0.754801682432619,0,-0.0281701564808303
0.755834783354937,0,-0.028446550374269
0.756867392346275,0,-0.0287242093493959
0.75789950845309,0,-0.0290031326176168
0.75893113072184,0,-0.029283319390337
0.759962258198984,0,-0.0295647688789624
0.76099288993098,0,-0.0298474802948984
0.762023024964287,0,-0.0301314528495507
0.763052662345361,0,-0.0304166857543248
0.764081801120661,0,-0.0307031782206264
0.765110440336646,0,-0.030990929459861
0.766138579039774,0,-0.0312799386834343
0.767166216276502,0,-0.0315702051027519
0.76819335109329,0,-0.0318617279292193
0.769219982536594,0,-0.0321545063742421
0.770246109652874,0,-0.0324485396492261
0.771271731488587,0,-0.0327438269655767
0.772296847090192,0,-0.0330403675346995
0.773321455504145,0,-0.0333381605680003
0.774345555776908,0,-0.0336372052768844
0.775369146954935,0,-0.0339375008727577
0.776392228084688,0,-0.0342390465670256
0.777414798212621,0,-0.0345418415710937
0.778436856385196,0,-0.0348458850963678
0.779458401648869,0,-0.0351511763542533
0.780479433050099,0,-0.0354577145561558
0.781499949635344,0,-0.035765498913481
0.782519950451061,0,-0.0360745286376345
0.78353943454371,0,-0.0363848029400218
0.784558400959748,0,-0.0366963210320486
0.785576848745633,0,-0.0370090821251204
0.786594776947825,0,-0.037323085430643
0.787612184612779,0,-0.0376383301600217
0.788629070786956,0,-0.0379548155246624
0.789645434516812,0,-0.0382725407359704
0.790661274848807,0,-0.0385915050053516
0.791676590829398,0,-0.0389117075442114
0.792691381505043,0,-0.0392331475639555
0.793705645922201,0,-0.0395558242759894
0.794719383127329,0,-0.0398797368917189
0.795732592166887,0,-0.0402048846225493
0.796745272087332,0,-0.0405312666798865
0.797757421935121,0,-0.0408588822751359
0.798769040756714,0,-0.0411877306197031
0.799780127598569,0,-0.0415178109249938
0.800790681507143,0,-0.0418491224024136
0.801800701528895,0,-0.0421816642633681
0.802810186710283,0,-0.0425154357192628
0.803819136097765,0,-0.0428504359815033
0.804827548737799,0,-0.0431866642614954
0.805835423676843,0,-0.0435241197706445
0.806842759961356,0,-0.0438628017203562
0.807849556637795,0,-0.0442027093220363
0.80885581275262,0,-0.0445438417870901
0.809861527352287,0,-0.0448861983269235
0.810866699483255,0,-0.0452297781529419
0.811871328191983,0,-0.045574580476551
0.812875412524928,0,-0.0459206045091563
0.813878951528548,0,-0.0462678494621635
0.814881944249302,0,-0.0466163145469782
0.815884389733648,0,-0.0469659989750059
0.816886287028044,0,-0.0473169019576524
0.817887635178948,0,-0.047669022706323
0.818888433232818,0,-0.0480223604324235
0.819888680236113,0,-0.0483769143473595
0.82088837523529,0,-0.0487326836625366
0.821887517276808,0,-0.0490896675893603
0.822886105407124,0,-0.0494478653392363
0.823884138672698,0,-0.0498072761235701
0.824881616119987,0,-0.0501678991537675
0.825878536795449,0,-0.0505297336412338
0.826874899745542,0,-0.0508927787973749
0.827870704016725,0,-0.0512570338335962
0.828865948655456,0,-0.0516224979613034
0.829860632708193,0,-0.051989170391902
0.830854755221393,0,-0.0523570503367977
0.831848315241516,0,-0.0527261370073961
0.832841311815019,0,-0.0530964296151027
0.833833743988361,0,-0.0534679273713233
0.834825610807999,0,-0.0538406294874632
0.835816911320392,0,-0.0542145351749283
0.836807644571998,0,-0.054589643645124
0.837797809609275,0,-0.0549659541094559
0.838787405478681,0,-0.0553434657793298
0.839776431226674,0,-0.0557221778661511
0.840764885899713,0,-0.0561020895813255
0.841752768544255,0,-0.0564832001362585
0.84274007820676,0,-0.0568655087423558
0.843726813933684,0,-0.0572490146110229
0.844712974771486,0,-0.0576337169536656
0.845698559766624,0,-0.0580196149816893
0.846683567965557,0,-0.0584067079064997
0.847667998414743,0,-0.0587949949395023
0.848651850160638,0,-0.0591844752921028
0.849635122249703,0,-0.0595751481757068
0.850617813728395,0,-0.0599670128017198
0.851599923643172,0,-0.0603600683815475
0.852581451040492,0,-0.0607543141265955
0.853562394966813,0,-0.0611497492482693
0.854542754468594,0,-0.0615463729579747
0.855522528592293,0,-0.061944184467117
0.856501716384367,0,-0.0623431829871021
0.857480316891276,0,-0.0627433677293354
0.858458329159476,0,-0.0631447379052226
0.859435752235427,0,-0.0635472927261692
0.860412585165586,0,-0.0639510314035809
0.861388826996412,0,-0.0643559531488633
0.862364476774363,0,-0.064762057173422
0.863339533545896,0,-0.0651693426886625
0.86431399635747,0,-0.0655778089059905
0.865287864255544,0,-0.0659874550368116
0.866261136286575,0,-0.0663982802925313
0.867233811497021,0,-0.0668102838845553
0.868205888933341,0,-0.0672234650242892
0.869177367641992,0,-0.0676378229231385
0.870148246669434,0,-0.0680533567925089
0.871118525062124,0,-0.068470065843806
0.872088201866519,0,-0.0688879492884353
0.873057276129079,0,-0.0693070063378025
0.874025746896261,0,-0.0697272362033132
0.874993613214525,0,-0.070148638096373
0.875960874130326,0,-0.0705712112283874
0.876927528690125,0,-0.0709949548107621
0.877893575940379,0,-0.0714198680549026
0.878859014927546,0,-0.0718459501722147
0.879823844698084,0,-0.0722732003741038
0.880788064298452,0,-0.0727016178719755
0.881751672775107,0,-0.0731312018772356
0.882714669174509,0,-0.0735619516012895
0.883677052543114,0,-0.0739938662555429
0.884638821927381,0,-0.0744269450514013
0.885599976373768,0,-0.0748611872002705
0.886560514928735,0,-0.0752965919135559
0.887520436638737,0,-0.0757331584026631
0.888479740550234,0,-0.0761708858789979
0.889438425709684,0,-0.0766097735539657
0.890396491163545,0,-0.0770498206389721
0.891353935958275,0,-0.0774910263454229
0.892310759140332,0,-0.0779333898847235
0.893266959756174,0,-0.0783769104682796
0.894222536852261,0,-0.0788215873074968
0.895177489475048,0,-0.0792674196137806
0.896131816670996,0,-0.0797144065985367
0.897085517486562,0,-0.0801625474731707
0.898038590968204,0,-0.0806118414490882
0.89899103616238,0,-0.0810622877376947
0.899942852115548,0,-0.0815138855503959
0.900894037874167,0,-0.0819666340985973
0.901844592484695,0,-0.0824205325937047
0.90279451499359,0,-0.0828755802471235
0.90374380444731,0,-0.0833317762702594
0.904692459892312,0,-0.083789119874518
0.905640480375057,0,-0.0842476102713048
0.906587864942,0,-0.0847072466720255
0.907534612639602,0,-0.0851680282880857
0.908480722514318,0,-0.0856299543308909
0.90942619361261,0,-0.0860930240118468
0.910371024980932,0,-0.086557236542359
0.911315215665746,0,-0.0870225911338331
0.912258764713507,0,-0.0874890869976746
0.913201671170675,0,-0.0879567233452893
0.914143934083708,0,-0.0884254993880825
0.915085552499063,0,-0.0888954143374601
0.916026525463199,0,-0.0893664674048276
0.916966852022575,0,-0.0898386578015904
0.917906531223647,0,-0.0903119847391544
0.918845562112875,0,-0.0907864474289251
0.919783943736717,0,-0.091262045082308
0.92072167514163,0,-0.0917387769107088
0.921658755374073,0,-0.0922166421255331
0.922595183480504,0,-0.0926956399381865
0.92353095850738,0,-0.0931757695600745
0.924466079501162,0,-0.0936570302026028
0.925400545508305,0,-0.094139421077177
0.92633435557527,0,-0.0946229413952026
0.927267508748512,0,-0.0951075903680853
0.928200004074492,0,-0.0955933672072307
0.929131840599666,0,-0.0960802711240444
0.930063017370494,0,-0.096568301329932
0.930993533433433,0,-0.097057457036299
0.931923387834942,0,-0.0975477374545511
0.932852579621478,0,-0.0980391417960939
0.933781107839499,0,-0.0985316692723329
0.934708971535465,0,-0.0990253190946738
0.935636169755833,0,-0.0995200904745222
0.93656270154706,0,-0.100015982623284
0.937488565955606,0,-0.100512994752364
0.938413762027929,0,-0.101011126073168
0.939338288810486,0,-0.101510375797103
0.940262145349736,0,-0.102010743135572
0.941185330692136,0,-0.102512227299983
0.942107843884146,0,-0.103014827501741
0.943029683972223,0,-0.103518542952251
0.943950850002825,0,-0.104023372862918
0.944871341022411,0,-0.104529316445149
0.945791156077438,0,-0.10503637291035
0.946710294214365,0,-0.105544541469925
0.94762875447965,0,-0.10605382133528
0.948546535919751,0,-0.106564211717821
0.949463637581127,0,-0.107075711828953
0.950380058510234,0,-0.107588320880083
0.951295797753532,0,-0.108102038082615
0.952210854357479,0,-0.108616862647956
0.953125227368533,0,-0.10913279378751
0.954038915833151,0,-0.109649830712684
0.954951918797793,0,-0.110167972634883
0.955864235308916,0,-0.110687218765513
0.956775864412978,0,-0.111207568315979
0.957686805156437,0,-0.111729020497687
0.958597056585753,0,-0.112251574522042
0.959506617747382,0,-0.11277522960045
0.960415487687783,0,-0.113299984944318
0.961323665453415,0,-0.113825839765049
0.962231150090734,0,-0.11435279327405
0.9631379406462,0,-0.114880844682727
0.964044036166271,0,-0.115409993202485
0.964949435697404,0,-0.115940238044729
0.965854138286058,0,-0.116471578420866
0.966758142978691,0,-0.1170040135423
0.967661448821761,0,-0.117537542620439
0.968564054861727,0,-0.118072164866686
0.969465960145045,0,-0.118607879492448
0.970367163718176,0,-0.11914468570913
0.971267664627576,0,-0.119682582728138
0.972167461919704,0,-0.120221569760877
0.973066554641018,0,-0.120761646018754
0.973964941837977,0,-0.121302810713173
0.974862622557037,0,-0.121845063055541
0.975759595844658,0,-0.122388402257262
0.976655860747298,0,-0.122932827529743
0.977551416311415,0,-0.123478338084389
0.978446261583466,0,-0.124024933132606
0.97934039560991,0,-0.124572611885799
0.980233817437206,0,-0.125121373555373
0.981126526111811,0,-0.125671217352736
0.982018520680183,0,-0.126222142489291
0.982909800188781,0,-0.126774148176445
0.983800363684063,0,-0.127327233625603
0.984690210212487,0,-0.127881398048172
0.985579338820511,0,-0.128436640655555
0.986467748554593,0,-0.12899296065916
0.987355438461191,0,-0.129550357270392
0.988242407586764,0,-0.130108829700655
0.98912865497777,0,-0.130668377161357
0.990014179680666,0,-0.131228998863902
0.990898980741911,0,-0.131790694019696
0.991783057207963,0,-0.132353461840145
0.992666408125281,0,-0.132917301536654
0.993549032540322,0,-0.133482212320629
0.994430929499545,0,-0.134048193403476
0.995312098049407,0,-0.134615243996599
0.996192537236368,0,-0.135183363311406
0.997072246106883,0,-0.1357525505593
0.997951223707414,0,-0.136322804951689
0.998829469084416,0,-0.136894125699976
0.99970698128435,0,-0.13746651201557
1.00058375935367,0,-0.138039963109873
1.00145980233884,0,-0.138614478194293
1.00233510928631,0,-0.139190056480235
1.00320967924255,0,-0.139766697179104
1.00408351125401,0,-0.140344399502307
1.00495660436714,0,-0.140923162661248
1.00582895762842,0,-0.141502985867333
1.00670057008429,0,-0.142083868331968
1.00757144078121,0,-0.142665809266559
1.00844156876564,0,-0.143248807882511
1.00931095308405,0,-0.14383286339123
1.01017959278288,0,-0.14441797500412
1.0110474869086,0,-0.145004141932589
1.01191463450767,0,-0.145591363388041
1.01278103462653,0,-0.146179638581882
1.01364668631166,0,-0.146768966725518
1.01451158860951,0,-0.147359347030355
1.01537574056653,0,-0.147950778707797
1.01623914122919,0,-0.14854326096925
1.01710178964394,0,-0.149136793026121
1.01796368485725,0,-0.149731374089814
1.01882482591556,0,-0.150327003371736
1.01968521186534,0,-0.150923680083291
1.02054484175305,0,-0.151521403435886
1.02140371462514,0,-0.152120172640926
1.02226182952807,0,-0.152719986909817
1.02311918550831,0,-0.153320845453964
1.0239757816123,0,-0.153922747484773
1.02483161688651,0,-0.15452569221365
1.02568669037739,0,-0.155129678851999
1.02654100113141,0,-0.155734706611227
1.02739454819502,0,-0.15634077470274
1.02824733061467,0,-0.156947882337942
1.02909934743684,0,-0.15755602872824
1.02995059770797,0,-0.158165213085039
1.03080108047452,0,-0.158775434619744
1.03165079478296,0,-0.159386692543762
1.03249973967974,0,-0.159998986068498
1.03334791421131,0,-0.160612314405357
1.03419531742414,0,-0.161226676765746
1.03504194836468,0,-0.161842072361069
1.0358878060794,0,-0.162458500402732
1.03673288961475,0,-0.163075960102141
1.03757719801719,0,-0.163694450670702
1.03842073033317,0,-0.16431397131982
1.03926348560916,0,-0.1649345212609
1.04010546289161,0,-0.165556099705349
1.04094666122699,0,-0.166178705864572
1.04178707966174,0,-0.166802338949974
1.04262671724233,0,-0.167426998172961
1.04346557301522,0,-0.168052682744939
1.04430364602686,0,-0.168679391877313
1.04514093532371,0,-0.169307124781489
1.04597743995223,0,-0.169935880668873
1.04681315895889,0,-0.170565658750869
1.04764809139013,0,-0.171196458238885
1.04848223629241,0,-0.171828278344324
1.0493155927122,0,-0.172461118278594
1.05014815969594,0,-0.173094977253099
1.05097993629011,0,-0.173729854479245
1.05181092154115,0,-0.174365749168438
1.05264111449553,0,-0.175002660532083
1.05347051419971,0,-0.175640587781586
1.05429911970013,0,-0.176279530128352
1.05512693004327,0,-0.176919486783788
1.05595394427557,0,-0.177560456959298
1.0567801614435,0,-0.178202439866288
1.05760558059351,0,-0.178845434716165
1.05843020077207,0,-0.179489440720333
1.05925402102563,0,-0.180134457090198
1.06007704040064,0,-0.180780483037165
1.06089925794358,0,-0.181427517772641
1.06172067270089,0,-0.182075560508031
1.06254128371903,0,-0.18272461045474
1.06336109004446,0,-0.183374666824175
1.06418009072364,0,-0.18402572882774
1.06499828480303,0,-0.184677795676841
1.06581567132909,0,-0.185330866582885
1.06663224934827,0,-0.185984940757275
1.06744801790703,0,-0.186640017411419
1.06826297605183,0,-0.187296095756722
1.06907712282913,0,-0.187953175004589
1.06989045728539,0,-0.188611254366425
1.07070297846706,0,-0.189270333053638
1.07151468542061,0,-0.189930410277631
1.07232557719248,0,-0.190591485249811
1.07313565282915,0,-0.191253557181583
1.07394491137706,0,-0.191916625284353
1.07475335188268,0,-0.192580688769527
1.07556097339246,0,-0.19324574684851
1.07636777495287,0,-0.193911798732707
1.07717375561035,0,-0.194578843633525
1.07797891441137,0,-0.195246880762369
1.07878325040239,0,-0.195915909330644
1.07958676262986,0,-0.196585928549756
1.08038945014025,0,-0.197256937631111
1.08119131198,0,-0.197928935786114
1.08199234719559,0,-0.198601922226171
1.08279255483346,0,-0.199275896162688
1.08359193394007,0,-0.199950856807069
1.08439048356189,0,-0.200626803370722
1.08518820274537,0,-0.20130373506505
1.08598509053697,0,-0.201981651101461
1.08678114598315,0,-0.202660550691359
1.08757636813037,0,-0.20334043304615
1.08837075602507,0,-0.20402129737724
1.08916430871373,0,-0.204703142896034
1.0899570252428,0,-0.205385968813938
1.09074890465874,0,-0.206069774342357
1.09153994600801,0,-0.206754558692698
1.09233014833706,0,-0.207440321076365
1.09311951069235,0,-0.208127060704765
1.09390803212034,0,-0.208814776789302
1.0946957116675,0,-0.209503468541383
1.09548254838027,0,-0.210193135172413
1.09626854130511,0,-0.210883775893798
1.09705368948849,0,-0.211575389916943
1.09783799197686,0,-0.212267976453254
1.09862144781668,0,-0.212961534714136
1.09940405605441,0,-0.213656063910996
1.10018581573651,0,-0.214351563255238
1.10096672590943,0,-0.215048031958269
1.10174678561963,0,-0.215745469231493
1.10252599391357,0,-0.216443874286317
1.10330434983771,0,-0.217143246334146
1.10408185243851,0,-0.217843584586385
1.10485850076242,0,-0.218544888254441
1.10563429385591,0,-0.219247156549719
1.10640923076543,0,-0.219950388683625
1.10718331053744,0,-0.220654583867563
1.10795653221839,0,-0.22135974131294
1.10872889485475,0,-0.222065860231162
1.10950039749298,0,-0.222772939833633
1.11027103917952,0,-0.22348097933176
1.11104081896085,0,-0.224189977936948
1.11180973588342,0,-0.224899934860602
1.11257778899368,0,-0.225610849314129
1.11334497733809,0,-0.226322720508934
1.11411129996312,0,-0.227035547656422
1.11487675591522,0,-0.227749329968
1.11564134424085,0,-0.228464066655072
1.11640506398647,0,-0.229179756929044
1.11716791419853,0,-0.229896400001322
1.1179298939235,0,-0.230613995083312
1.11869100220783,0,-0.231332541386419
1.11945123809797,0,-0.232052038122049
1.1202106006404,0,-0.232772484501606
1.12096908888156,0,-0.233493879736498
1.12172670186791,0,-0.234216223038129
1.12248343864592,0,-0.234939513617906
1.12323929826204,0,-0.235663750687233
1.12399427976273,0,-0.236388933457516
1.12474838219444,0,-0.237115061140161
1.12550160460364,0,-0.237842132946574
1.12625394603678,0,-0.23857014808816
1.12700540554033,0,-0.239299105776324
1.12775598216073,0,-0.240029005222473
1.12850567494445,0,-0.240759845638012
1.12925448293795,0,-0.241491626234346
1.13000240518768,0,-0.242224346222881
1.1307494407401,0,-0.242958004815023
1.13149558864167,0,-0.243692601222178
1.13224084793886,0,-0.24442813465575
1.1329852176781,0,-0.245164604327146
1.13372869690587,0,-0.24590200944777
1.13447128466863,0,-0.24664034922903
1.13521298001283,0,-0.24737962288233
1.13595378198492,0,-0.248119829619075
1.13669368963137,0,-0.248860968650672
1.13743270199864,0,-0.249603039188527
1.13817081813318,0,-0.250346040444044
1.13890803708145,0,-0.251089971628629
1.13964435788992,0,-0.251834831953688
1.14037977960503,0,-0.252580620630627
1.14111430127324,0,-0.253327336870851
1.14184792194102,0,-0.254074979885765
1.14258064065483,0,-0.254823548886776
1.14331245646111,0,-0.255573043085288
1.14404336840633,0,-0.256323461692709
1.14477337553695,0,-0.257074803920442
1.14550247689943,0,-0.257827068979894
1.14623067154021,0,-0.25858025608247
1.14695795850577,0,-0.259334364439576
1.14768433684256,0,-0.260089393262618
1.14840980559704,0,-0.260845341763001
1.14913436381566,0,-0.26160220915213
1.14985801054488,0,-0.262359994641412
1.15058074483117,0,-0.263118697442251
1.15130256572098,0,-0.263878316766055
1.15202347226076,0,-0.264638851824227
1.15274346349698,0,-0.265400301828174
1.1534625384761,0,-0.266162665989301
1.15418069624457,0,-0.266925943519014
1.15489793584885,0,-0.267690133628719
1.1556142563354,0,-0.268455235529821
1.15632965675068,0,-0.269221248433725
1.15704413614114,0,-0.269988171551838
1.15775769355324,0,-0.270756004095564
1.15847032803345,0,-0.271524745276311
1.15918203862822,0,-0.272294394305482
1.159892824384,0,-0.273064950394484
1.16060268434726,0,-0.273836412754722
1.16131161756446,0,-0.274608780597602
1.16201962308204,0,-0.27538205313453
1.16272669994648,0,-0.27615622957691
1.16343284720423,0,-0.27693130913615
1.16413806390174,0,-0.277707291023654
1.16484234908548,0,-0.278484174450827
1.1655457018019,0,-0.279261958629076
1.16624812109746,0,-0.280040642769807
1.16694960601863,0,-0.280820226084424
1.16765015561184,0,-0.281600707784333
1.16834976892358,0,-0.28238208708094
1.16904844500029,0,-0.283164363185651
1.16974618288843,0,-0.283947535309871
1.17044298163446,0,-0.284731602665005
1.17113884028484,0,-0.28551656446246
1.17183375788602,0,-0.28630241991364
1.17252773348448,0,-0.287089168229953
1.17322076612665,0,-0.287876808622802
1.173912854859,0,-0.288665340303594
1.17460399872799,0,-0.289454762483734
1.17529419678008,0,-0.290245074374628
1.17598344806173,0,-0.291036275187682
1.17667175161939,0,-0.291828364134301
1.17735910649952,0,-0.29262134042589
1.17804551174858,0,-0.293415203273856
1.17873096641303,0,-0.294209951889604
1.17941546953932,0,-0.295005585484539
1.18009902017392,0,-0.295802103270067
1.18078161736328,0,-0.296599504457594
1.18146326015386,0,-0.297397788258525
1.18214394759212,0,-0.298196953884267
1.18282367872451,0,-0.298997000546223
1.18350245259751,0,-0.299797927455801
1.18418026825755,0,-0.300599733824406
1.1848571247511,0,-0.301402418863443
1.18553302112463,0,-0.302205981784317
1.18620795642458,0,-0.303010421798436
1.18688192969742,0,-0.303815738117203
1.1875549399896,0,-0.304621929952025
1.18822698634758,0,-0.305428996514307
1.18889806781783,0,-0.306236937015456
1.18956818344679,0,-0.307045750666875
1.19023733228093,0,-0.307855436679972
1.1909055133667,0,-0.308665994266152
1.19157272575056,0,-0.309477422636819
1.19223896847898,0,-0.310289721003381
1.19290424059841,0,-0.311102888577243
1.1935685411553,0,-0.311916924569809
1.19423186919612,0,-0.312731828192486
1.19489422376732,0,-0.313547598656679
1.19555560391536,0,-0.314364235173795
1.1962160086867,0,-0.315181736955237
1.1968754371278,0,-0.316000103212413
1.19753388828512,0,-0.316819333156728
1.19819136120511,0,-0.317639425999587
1.19884785493423,0,-0.318460380952396
1.19950336851894,0,-0.31928219722656
1.2001579010057,0,-0.320104874033485
1.20081145144097,0,-0.320928410584578
1.2014640188712,0,-0.321752806091242
1.20211560234286,0,-0.322578059764884
1.2027662009024,0,-0.32340417081691
1.20341581359627,0,-0.324231138458725
1.20406443947095,0,-0.325058961901735
1.20471207757288,0,-0.325887640357345
1.20535872694852,0,-0.326717173036961
1.20600438664433,0,-0.327547559151988
1.20664905570678,0,-0.328378797913833
1.20729273318231,0,-0.3292108885339
1.20793541811739,0,-0.330043830223595
1.20857710955848,0,-0.330877622194325
1.20921780655202,0,-0.331712263657494
1.20985750814449,0,-0.332547753824508
1.21049621338234,0,-0.333384091906772
1.21113392131202,0,-0.334221277115693
1.21177063098,0,-0.335059308662676
1.21240634143273,0,-0.335898185759127
1.21304105171667,0,-0.33673790761645
1.21367476087829,0,-0.337578473446053
1.21430746796403,0,-0.338419882459339
1.21493917202035,0,-0.339262133867716
1.21556987209373,0,-0.340105226882588
1.2161995672306,0,-0.340949160715361
1.21682825647743,0,-0.341793934577441
1.21745593888068,0,-0.342639547680233
1.21808261348681,0,-0.343485999235143
1.21870827934228,0,-0.344333288453576
1.21933293549353,0,-0.345181414546939
1.21995658098704,0,-0.346030376726636
1.22057921486926,0,-0.346880174204074
1.22120083618664,0,-0.347730806190658
1.22182144398565,0,-0.348582271897793
1.22244103731275,0,-0.349434570536885
1.22305961521438,0,-0.35028770131934
1.22367717673702,0,-0.351141663456563
1.22429372092711,0,-0.35199645615996
1.22490924683112,0,-0.352852078640937
1.22552375349551,0,-0.353708530110898
1.22613723996672,0,-0.354565809781251
1.22674970529123,0,-0.3554239168634
1.22736114851549,0,-0.35628285056875
1.22797156868595,0,-0.357142610108709
1.22858096484908,0,-0.35800319469468
1.22918933605133,0,-0.35886460353807
1.22979668133917,0,-0.359726835850284
1.23040299975904,0,-0.360589890842728
1.23100829035741,0,-0.361453767726808
1.23161255218074,0,-0.362318465713929
1.23221578427548,0,-0.363183984015497
1.23281798568809,0,-0.364050321842916
1.23341915546503,0,-0.364917478407594
1.23401929265277,0,-0.365785452920935
1.23461839629775,0,-0.366654244594346
1.23521646544643,0,-0.367523852639231
1.23581349914528,0,-0.368394276266996
1.23640949644074,0,-0.369265514689048
1.23700445637929,0,-0.37013756711679
1.23759837800737,0,-0.37101043276163
1.23819126037145,0,-0.371884110834973
1.23878310251799,0,-0.372758600548224
1.23937390349343,0,-0.373633901112789
1.23996366234425,0,-0.374510011740073
1.24055237811689,0,-0.375386931641483
1.24114004985782,0,-0.376264660028423
1.24172667661349,0,-0.3771431961123
1.24231225743037,0,-0.378022539104518
1.24289679135491,0,-0.378902688216484
1.24348027743356,0,-0.379783642659603
1.24406271471279,0,-0.380665401645281
1.24464410223906,0,-0.381547964384923
1.24522443905882,0,-0.382431330089935
1.24580372421854,0,-0.383315497971723
1.24638195676466,0,-0.384200467241691
1.24695913574365,0,-0.385086237111246
1.24753526020196,0,-0.385972806791794
1.24811032918606,0,-0.38686017549474
1.24868434174241,0,-0.387748342431489
1.24925729691745,0,-0.388637306813447
1.24982919375765,0,-0.38952706785202
1.25040003130947,0,-0.390417624758613
1.25096980861936,0,-0.391308976744632
1.25153852473378,0,-0.392201123021483
1.2521061786992,0,-0.393094062800571
1.25267276956207,0,-0.393987795293301
1.25323829636884,0,-0.39488231971108
1.25380275816598,0,-0.395777635265313
1.25436615399994,0,-0.396673741167405
1.25492848291718,0,-0.397570636628762
1.25548974396417,0,-0.39846832086079
1.25604993618735,0,-0.399366793074895
1.25660905863318,0,-0.400266052482481
1.25716711034814,0,-0.401166098294955
1.25772409037866,0,-0.402066929723722
1.25827999777122,0,-0.402968545980187
1.25883483157226,0,-0.403870946275757
1.25938859082825,0,-0.404774129821837
1.25994127458565,0,-0.405678095829832
1.26049288189091,0,-0.406582843511149
1.26104341179049,0,-0.407488372077192
1.26159286333085,0,-0.408394680739367
1.26214123555845,0,-0.409301768709081
1.26268852751974,0,-0.410209635197738
1.26323473826119,0,-0.411118279416744
1.26377986682925,0,-0.412027700577505
1.26432391227038,0,-0.412937897891426
1.26486687363104,0,-0.413848870569913
1.26540874995768,0,-0.414760617824371
1.26594954029677,0,-0.415673138866207
1.26648924369476,0,-0.416586432906825
1.26702785919812,0,-0.417500499157632
1.26756538585329,0,-0.418415336830033
1.26810182270674,0,-0.419330945135433
1.26863716880493,0,-0.420247323285238
1.26917142319431,0,-0.421164470490854
1.26970458492134,0,-0.422082385963686
1.27023665303248,0,-0.42300106891514
1.27076762657419,0,-0.423920518556622
1.27129750459292,0,-0.424840734099537
1.27182628613514,0,-0.42576171475529
1.2723539702473,0,-0.426683459735288
1.27288055597587,0,-0.427605968250936
1.27340604236729,0,-0.428529239513639
1.27393042846803,0,-0.429453272734803
1.27445371332454,0,-0.430378067125834
1.27497589598328,0,-0.431303621898138
1.27549697549072,0,-0.432229936263119
1.27601695089331,0,-0.433157009432184
1.2765358212375,0,-0.434084840616738
1.27705358556977,0,-0.435013429028187
1.27757024293655,0,-0.435942773877936
1.27808579238432,0,-0.436872874377391
1.27860023295952,0,-0.437803729737957
1.27911356370863,0,-0.438735339171041
1.27962578367809,0,-0.439667701888047
1.28013689191437,0,-0.440600817100382
1.28064688746392,0,-0.44153468401945
1.2811557693732,0,-0.442469301856658
1.28166353668867,0,-0.443404669823411
1.28217018845678,0,-0.444340787131115
1.28267572372401,0,-0.445277652991175
1.28318014153679,0,-0.446215266614997
1.2836834409416,0,-0.447153627213987
1.28418562098489,0,-0.44809273399955
1.28468668071311,0,-0.449032586183091
1.28518661917273,0,-0.449973182976017
1.28568543541021,0,-0.450914523589733
1.286183128472,0,-0.451856607235644
1.28667969740455,0,-0.452799433125156
1.28717514125434,0,-0.453743000469675
1.28766945906782,0,-0.454687308480607
1.28816264989144,0,-0.455632356369356
1.28865471277166,0,-0.456578143347329
1.28914564675494,0,-0.457524668625931
1.28963545088774,0,-0.458471931416567
1.29012412421653,0,-0.459419930930644
1.29061166578774,0,-0.460368666379567
1.29109807464785,0,-0.461318136974742
1.29158334984332,0,-0.462268341927573
1.29206749042059,0,-0.463219280449467
1.29255049542613,0,-0.46417095175183
1.2930323639064,0,-0.465123355046067
1.29351309490785,0,-0.466076489543583
1.29399268747694,0,-0.467030354455784
1.29447114066014,0,-0.467984948994076
1.29494845350389,0,-0.468940272369864
1.29542462505467,0,-0.469896323794554
1.29589965435891,0,-0.470853102479552
1.2963735404631,0,-0.471810607636262
1.29684628241367,0,-0.472768838476092
1.29731787925709,0,-0.473727794210446
1.29778833003982,0,-0.474687474050729
1.29825763380832,0,-0.475647877208349
1.29872578960904,0,-0.476609002894709
1.29919279648844,0,-0.477570850321216
1.29965865349299,0,-0.478533418699275
1.30012335966913,0,-0.479496707240293
1.30058691406333,0,-0.480460715155674
1.30104931572204,0,-0.481425441656824
1.30151056369173,0,-0.482390885955148
1.30197065701885,0,-0.483357047262053
1.30242959474986,0,-0.484323924788944
1.30288737593121,0,-0.485291517747227
1.30334399960937,0,-0.486259825348306
1.3037994648308,0,-0.487228846803589
1.30425377064195,0,-0.488198581324479
1.30470691608927,0,-0.489169028122384
1.30515890021924,0,-0.490140186408708
1.3056097220783,0,-0.491112055394857
1.30605938071292,0,-0.492084634292237
1.30650787516955,0,-0.493057922312253
1.30695520449465,0,-0.494031918666311
1.30740136773468,0,-0.495006622565817
1.30784636393609,0,-0.495982033222176
1.30829019214536,0,-0.496958149846793
1.30873285140892,0,-0.497934971651075
1.30917434077325,0,-0.498912497846427
1.30961465928479,0,-0.499890727644254
1.31005380599002,0,-0.500869660255963
1.31049177993538,0,-0.501849294892958
1.31092858016734,0,-0.502829630766646
1.31136420573234,0,-0.503810667088431
1.31179865567686,0,-0.50479240306972
1.31223192904735,0,-0.505774837921918
1.31266402489026,0,-0.506757970856431
1.31309494225206,0,-0.507741801084664
1.3135246801792,0,-0.508726327818023
1.31395323771814,0,-0.509711550267913
1.31438061391534,0,-0.510697467645741
1.31480680781726,0,-0.511684079162911
1.31523181847036,0,-0.51267138403083
1.31565564492109,0,-0.513659381460903
1.31607828621591,0,-0.514648070664535
1.31649974140128,0,-0.515637450853132
1.31692000952366,0,-0.5166275212381
1.31733908962951,0,-0.517618281030845
1.31775698076528,0,-0.518609729442771
1.31817368197743,0,-0.519601865685285
1.31858919231242,0,-0.520594688969792
1.31900351081672,0,-0.521588198507697
1.31941663653677,0,-0.522582393510407
1.31982856851903,0,-0.523577273189327
1.32023930580997,0,-0.524572836755863
1.32064884745604,0,-0.525569083421419
1.3210571925037,0,-0.526566012397403
1.32146433999941,0,-0.527563622895218
1.32187028898962,0,-0.528561914126272
1.3222750385208,0,-0.529560885301969
1.3226785876394,0,-0.530560535633715
1.32308093539188,0,-0.531560864332916
1.3234820808247,0,-0.532561870610977
1.32388202298432,0,-0.533563553679305
1.32428076091719,0,-0.534565912749303
1.32467829366977,0,-0.535568947032379
1.32507462028853,0,-0.536572655739938
1.32546973981991,0,-0.537577038083385
1.32586365131038,0,-0.538582093274125
1.3262563538064,0,-0.539587820523566
1.32664784635442,0,-0.540594219043111
1.32703812800091,0,-0.541601288044168
1.32742719779231,0,-0.54260902673814
1.32781505477509,0,-0.543617434336435
1.32820169799571,0,-0.544626510050456
1.32858712650063,0,-0.545636253091612
1.32897133933629,0,-0.546646662671305
1.32935433554917,0,-0.547657738000944
1.32973611418571,0,-0.548669478291932
1.33011667429238,0,-0.549681882755675
1.33049601491564,0,-0.55069495060358
1.33087413510194,0,-0.551708681047052
1.33125103389775,0,-0.552723073297495
1.33162671034951,0,-0.553738126566317
1.33200116350369,0,-0.554753840064922
1.33237439240674,0,-0.555770213004717
1.33274639610513,0,-0.556787244597106
1.33311717364532,0,-0.557804934053495
1.33348672407375,0,-0.558823280585291
1.33385504643689,0,-0.559842283403898
1.3342221397812,0,-0.560861941720722
1.33458800315313,0,-0.561882254747169
1.33495263559915,0,-0.562903221694644
1.33531603616571,0,-0.563924841774553
1.33567820389926,0,-0.564947114198301
1.33603913784628,0,-0.565970038177295
1.33639883705321,0,-0.566993612922939
1.33675730056651,0,-0.56801783764664
1.33711452743265,0,-0.569042711559803
1.33747051669807,0,-0.570068233873833
1.33782526740924,0,-0.571094403800136
1.33817877861262,0,-0.572121220550118
1.33853104935467,0,-0.573148683335185
1.33888207868184,0,-0.574176791366741
1.33923186564058,0,-0.575205543856193
1.33958040927737,0,-0.576234940014946
1.33992770863865,0,-0.577264979054406
1.34027376277089,0,-0.578295660185978
1.34061857072054,0,-0.579326982621068
1.34096213153407,0,-0.580358945571081
1.34130444425792,0,-0.581391548247424
1.34164550793856,0,-0.582424789861502
1.34198532162245,0,-0.583458669624719
1.34232388435604,0,-0.584493186748483
1.3426611951858,0,-0.585528340444198
1.34299725315817,0,-0.58656412992327
1.34333205731962,0,-0.587600554397105
1.34366560671661,0,-0.588637613077109
1.3439979003956,0,-0.589675305174686
1.34432893740303,0,-0.590713629901243
1.34465871678538,0,-0.591752586468185
1.3449872375891,0,-0.592792174086918
1.34531449886064,0,-0.593832391968847
1.34564049964647,0,-0.594873239325378
1.34596523899305,0,-0.595914715367916
1.34628871594682,0,-0.596956819307868
1.34661092955426,0,-0.597999550356638
1.34693187886181,0,-0.599042907725633
1.34725156291594,0,-0.600086890626258
1.34756998076311,0,-0.601131498269918
1.34788713144976,0,-0.602176729868019
1.34820301402237,0,-0.603222584631967
1.34851762752739,0,-0.604269061773168
1.34883097101127,0,-0.605316160503026
1.34914304352048,0,-0.606363880032948
1.34945384410148,0,-0.607412219574339
1.34976337180071,0,-0.608461178338604
1.35007162566464,0,-0.609510755537151
1.35037860473973,0,-0.610560950381383
1.35068430807244,0,-0.611611762082706
1.35098873470922,0,-0.612663189852527
