0.250001052110039,0.696636868025092,0
0.249918714980138,0.694665619753936,0
0.249858000415726,0.692052551567334,0
0.249817897603794,0.689439249867102,0
0.24979844213926,0.686825889921335,0
0.249799663858253,0.684212648271413,0
0.249821586788274,0.681599702620802,0
0.249864229105761,0.678987231722385,0
0.249927603101163,0.676375415264209,0
0.250011715151626,0.673764433754103,0
0.250116565701309,0.671154468403474,0
0.250242149249444,0.668545701009978,0
0.250388454346092,0.665938313839825,0
0.250555463595611,0.663332489509876,0
0.250743153667829,0.660728410869301,0
0.250951495316844,0.658126260881519,0
0.251180453407394,0.655526222506377,0
0.251429986948693,0.652928478582808,0
0.25170004913562,0.650333211712257,0
0.251990587397134,0.647740604142943,0
0.252301543451744,0.645150837655293,0
0.252632853369861,0.642564093448672,0
0.252984447642843,0.639980552029621,0
0.253356251258544,0.637400393101622,0
0.253748183783067,0.634823795457028,0
0.254160159448576,0.632250936870719,0
0.254592087246859,0.629681993995986,0
0.255043871028359,0.627117142262869,0
0.255515409606442,0.624556555778844,0
0.25600659686657,0.622000407232187,0
0.25651732188013,0.619448867797946,0
0.257047469022567,0.61690210704685,0
0.257596918095542,0.61436029285713,0
0.258165544452806,0.611823591329327,0
0.258753219129445,0.609292166704289,0
0.259359808974217,0.606766181284271,0
0.259985176784663,0.604245795357247,0
0.260629181444593,0.601731167124754,0
0.261291678063772,0.599222452632805,0
0.261972518119395,0.596719805706271,0
0.262671549599052,0.594223377886774,0
0.263388617144927,0.591733318373864,0
0.264123562198925,0.589249773969569,0
0.264876223148366,0.586772889026631,0
0.265646435472065,0.584302805399918,0
0.26643403188653,0.581839662401166,0
0.267238842491874,0.579383596757367,0
0.268060694917355,0.576934742572306,0
0.268899414466214,0.574493231291403,0
0.269754824259625,0.572059191669799,0
0.270626745379481,0.569632749743677,0
0.271514997009836,0.567214028804776,0
0.272419396576831,0.564803149377881,0
0.273339759886876,0.562400229201422,0
0.274275901262983,0.560005383210863,0
0.275227633678975,0.557618723525152,0
0.276194768891493,0.55524035943595,0
0.277177117569748,0.552870397399328,0
0.278174489422665,0.550508941030464,0
0.279186693323538,0.548156091100631,0
0.280213537431984,0.545811945536677,0
0.28125482931304,0.543476599423084,0
0.28231037605354,0.541150145005929,0
0.283379984375377,0.538832671699532,0
0.28446346074593,0.536524266094772,0
0.285560611485324,0.534225011969771,0
0.286671242870698,0.531934990302227,0
0.287795161237293,0.529654279283777,0
0.288932173076372,0.527382954336123,0
0.290082085130041,0.525121088128717,0
0.291244704482858,0.522868750598098,0
0.292419838650298,0.520626008968704,0
0.293607295664018,0.518392927775117,0
0.294806884153982,0.51616956888567,0
0.296018413427366,0.51395599152744,0
0.297241693544623,0.511752252311873,0
0.298476535392099,0.509558405262272,0
0.299722750751853,0.507374501841764,0
0.300980152368343,0.505200590982499,0
0.30224855401218,0.503036719115624,0
0.303527770541031,0.500882930201968,0
0.304817617957458,0.498739265763812,0
0.306117913464119,0.496605764917006,0
0.307428475516133,0.494482464403843,0
0.308749123870698,0.492369398626554,0
0.310079679634064,0.490266599681306,0
0.311419965305993,0.488174097392505,0
0.312769804821556,0.486091919347749,0
0.314129023590567,0.484020090932931,0
0.31549744853461,0.481958635367679,0
0.316874908121586,0.479907573741273,0
0.318261232398193,0.477866925048437,0
0.319656253020057,0.47583670622554,0
0.32105980327972,0.473816932186934,0
0.322471718132629,0.471807615861247,0
0.323891834221075,0.46980876822782,0
0.325319989896113,0.467820398353257,0
0.326756025237691,0.465842513427849,0
0.328199782072999,0.463875118801886,0
0.329651103992861,0.461918218022221,0
0.331109836366617,0.459971812868447,0
0.332575826355348,0.45803590338902,0
0.334048922923448,0.456110487937329,0
0.33552897684877,0.454195563207495,0
0.337015840731183,0.452291124270176,0
0.338509368999937,0.450397164607853,0
0.340009417919496,0.44851367615019,0
0.341515845594123,0.446640649309066,0
0.343028511971366,0.444778073013184,0
0.344547278844166,0.442925934742665,0
0.346072009851927,0.441084220563227,0
0.34760257048054,0.439252915160015,0
0.349138828061277,0.43743200187125,0
0.350680651768773,0.435621462721447,0
0.352227912618016,0.433821278454368,0
0.353780483460483,0.432031428565573,0
0.355338238979366,0.430251891334691,0
0.356901055683985,0.428482643857318,0
0.358468811903506,0.42672366207646,0
0.360041387779806,0.424974920813744,0
0.361618665259723,0.423236393800142,0
0.363200528086602,0.421508053706364,0
0.3647868617912,0.41978987217288,0
0.366377553682018,0.418081819839527,0
0.367972492835095,0.416383866374671,0
0.36957157008321,0.414695980504069,0
0.371174678004605,0.413018130039292,0
0.372781710911274,0.411350281905692,0
0.374392564836739,0.40969240217006,0
0.376007137523457,0.408044456067809,0
0.37762532840981,0.406406408029793,0
0.379247038616762,0.404778221708659,0
0.380872170934092,0.40315986000491,0
0.38250062980642,0.401551285092408,0
0.38413232131886,0.399952458443575,0
0.385767153182379,0.39836334085419,0
0.387405034718973,0.396783892467711,0
0.389045876846511,0.395214072799287,0
0.390689592063465,0.393653840759269,0
0.392336094433369,0.392103154676366,0
0.393985299569126,0.39056197232041,0
0.395637124617063,0.389030250924772,0
0.397291488241017,0.387507947208218,0
0.39894831060609,0.385995017396561,0
0.400607513362356,0.384491417243854,0
0.402269019628564,0.38299710205308,0
0.40393275397557,0.381512026696643,0
0.405598642409786,0.380036145636373,0
0.407266612356552,0.378569412943152,0
0.40893659264344,0.377111782316187,0
0.410608513483536,0.375663207101865,0
0.412282306458574,0.374223640312366,0
0.413957904502238,0.372793034643696,0
0.415635241883325,0.371371342493496,0
0.417314254188842,0.369958515978534,0
0.418994878307209,0.36855450695174,0
0.420677052411513,0.367159267018845,0
0.422360715942615,0.365772747554836,0
0.424045809592426,0.36439489971991,0
0.425732275287206,0.363025674475117,0
0.427420056170729,0.361665022597802,0
0.429109096587737,0.360312894696502,0
0.430799342067357,0.358969241225579,0
0.432490739306498,0.357634012499617,0
0.434183236153358,0.356307158707427,0
0.435876781591071,0.354988629925688,0
0.437571325721365,0.353678376132315,0
0.43926681974826,0.35237634721956,0
0.440963215961942,0.351082493006712,0
0.442660467722676,0.349796763252544,0
0.444358529444783,0.348519107667478,0
0.446057356580815,0.347249475925362,0
0.447756905605705,0.34598781767508,0
0.449457134001086,0.344734082551788,0
0.451158000239736,0.343488220187873,0
0.452859463770121,0.342250180223629,0
0.454561485000884,0.341019912317801,0
0.45626402528593,0.339797366157444,0
0.457967046909032,0.338582491468034,0
0.45967051306881,0.33737523802307,0
0.461374387864053,0.336175555653268,0
0.463078636278866,0.334983394255718,0
0.464783224167988,0.333798703802768,0
0.466488118242358,0.332621434350549,0
0.468193286054791,0.331451536047287,0
0.469898695985698,0.330288959141426,0
0.47160431722893,0.329133653989541,0
0.473310119777924,0.327985571063863,0
0.475016074411839,0.32684466095971,0
0.47672215268182,0.325710874402683,0
0.478428326897535,0.324584162255548,0
0.48013457011368,0.323464475525022,0
0.481840856116749,0.322351765368254,0
0.483547159411934,0.3212459830991,0
0.485253455210085,0.320147080194261,0
0.486959719414886,0.319055008299142,0
0.488665928610157,0.317969719233553,0
0.490372060047331,0.316891164997163,0
0.492078091632967,0.315819297774856,0
0.493784001916492,0.314754069941827,0
0.49548977007814,0.313695434068465,0
0.497195375916926,0.312643342925115,0
0.49890079983876,0.311597749486689,0
0.500606022844792,0.310558606937009,0
0.502311026519919,0.309525868672997,0
0.504015793021262,0.308499488308795,0
0.50572030506695,0.307479419679621,0
0.507424545925023,0.306465616845469,0
0.509128499402448,0.305458034094685,0
0.510832149834186,0.304456625947434,0
0.51253548207265,0.303461347158863,0
0.51423848147698,0.302472152722323,0
0.5159411339028,0.301488997872217,0
0.51764342569182,0.300511838086918,0
0.519345343661736,0.299540629091421,0
0.521046875096241,0.298575326859896,0
0.522748007735156,0.297615887618109,0
0.524448729764735,0.296662267845699,0
0.526149029808044,0.295714424278355,0
0.52784889691554,0.294772313909848,0
0.529548320555738,0.293835893993953,0
0.531247290606077,0.29290512204622,0
0.532945797343794,0.291979955845716,0
0.534643831437083,0.291060353436542,0
0.536341383936324,0.290146273129296,0
0.538038446265339,0.289237673502484,0
0.539735010212989,0.288334513403693,0
0.541431067924713,0.287436751950789,0
0.543126611894244,0.286544348532972,0
0.544821634955552,0.285657262811683,0
0.546516130274768,0.284775454721501,0
0.548210091342314,0.283898884470894,0
0.549903511965158,0.283027512542892,0
0.551596386259123,0.282161299695701,0
0.553288708641446,0.281300206963163,0
0.554980473823332,0.280444195655206,0
0.556671676802638,0.279593227358207,0
0.558362312856778,0.278747263935217,0
0.560052377535642,0.277906267526171,0
0.561741866654685,0.27707020054799,0
0.563430776288087,0.276239025694641,0
0.565119102762054,0.27541270593711,0
0.56680684264827,0.274591204523278,0
0.568493992757381,0.273774484977792,0
0.570180550132605,0.272962511101848,0
0.571866512043488,0.272155246972903,0
0.573551875979783,0.271352656944307,0
0.575236639645402,0.270554705644907,0
0.576920800952414,0.26976135797862,0
0.578604358015224,0.268972579123916,0
0.580287309144895,0.268188334533216,0
0.581969652843469,0.267408589932303,0
0.583651387798398,0.266633311319685,0
0.585332512877166,0.265862464965836,0
0.587013027121935,0.265096017412464,0
0.588692929744293,0.264333935471706,0
0.590372220120127,0.263576186225273,0
0.592050897784496,0.262822737023611,0
0.593728962426764,0.26207355548492,0
0.595406413885698,0.261328609494212,0
0.597083252144709,0.260587867202299,0
0.598759477327098,0.259851297024797,0
0.600435089691479,0.259118867641036,0
0.602110089627363,0.258390547992914,0
0.603784477650585,0.257666307283833,0
0.605458254399034,0.256946114977502,0
0.607131420628397,0.256229940796738,0
0.608803977207966,0.255517754722254,0
0.610475925116536,0.254809526991413,0
0.612147265438373,0.254105228096967,0
0.613817999359353,0.253404828785713,0
0.61548812816301,0.252708300057228,0
0.617157653226726,0.252015613162532,0
0.618826576018165,0.251326739602654,0
0.620494898091547,0.250641651127299,0
0.622162621084049,0.249960319733457,0
0.623829746712392,0.249282717663949,0
0.625496276769371,0.248608817406013,0
0.627162213120536,0.247938591689834,0
0.628827557700901,0.24727201348708,0
0.630492312511741,0.246609056009417,0
0.632156479617446,0.245949692707009,0
0.63382006114239,0.245293897267031,0
0.635483059268016,0.244641643612101,0
0.637145476229806,0.243992905898783,0
0.638807314314441,0.243347658516021,0
0.640468575856897,0.242705876083622,0
0.642129263237788,0.242067533450637,0
0.643789378880629,0.241432605693813,0
0.645448925249048,0.240801068116071,0
0.64710790484446,0.240172896244805,0
0.648766320203293,0.239548065830399,0
0.650424173894661,0.238926552844557,0
0.652081468517881,0.238308333478738,0
0.653738206700089,0.237693384142544,0
0.655394391093965,0.237081681462102,0
0.657050024375474,0.23647320227844,0
0.658705109241644,0.235867923645883,0
0.660359648408376,0.235265822830439,0
0.662013644608374,0.234666877308168,0
0.663667100589092,0.234071064763548,0
0.665320019110669,0.233478363087882,0
0.666972402944,0.232888750377649,0
0.668624254868851,0.232302204932875,0
0.670275577671882,0.23171870525555,0
0.671926374144901,0.231138230047969,0
0.673576647083111,0.230560758211098,0
0.675226399283239,0.229986268843015,0
0.67687563354194,0.229414741237239,0
0.678524352654137,0.228846154881127,0
0.680172559411345,0.22828048945428,0
0.681820256600139,0.227717724826921,0
0.683467447000605,0.22715784105829,0
0.685114133384812,0.22660081839506,0
0.686760318515435,0.2260466372697,0
0.688406005144244,0.225495278298926,0
0.690051196010708,0.224946722282109,0
0.691695893840748,0.224400950199656,0
0.693340101345344,0.22385794321146,0
0.694983821219231,0.223317682655342,0
0.696627056139698,0.222780150045461,0
0.698269808765404,0.222245327070743,0
0.699912081735106,0.221713195593367,0
0.701553877666569,0.221183737647189,0
0.703195199155472,0.220656935436195,0
0.704836048774226,0.220132771333003,0
0.706476429071014,0.219611227877298,0
0.708116342568738,0.219092287774322,0
0.709755791763984,0.218575933893374,0
0.711394779126111,0.218062149266289,0
0.713033307096229,0.217550917085961,0
0.714671378086351,0.217042220704841,0
0.716308994478521,0.216536043633435,0
0.717946158623868,0.216032369538875,0
0.719582872841838,0.215531182243421,0
0.721219139419399,0.215032465723002,0
0.722854960610178,0.214536204105796,0
0.724490338633756,0.214042381670768,0
0.726125275674925,0.21355098284624,0
0.727759773882991,0.213061992208468,0
0.729393835371026,0.212575394480242,0
0.731027462215239,0.212091174529471,0
0.732660656454337,0.211609317367783,0
0.734293420088896,0.211129808149142,0
0.735925755080736,0.210652632168474,0
0.737557663352319,0.210177774860311,0
0.739189146786247,0.209705221797401,0
0.740820207224691,0.209234958689379,0
0.742450846468848,0.208766971381427,0
0.744081066278444,0.208301245852939,0
0.745710868371246,0.207837768216204,0
0.747340254422622,0.207376524715082,0
0.748969226065023,0.206917501723725,0
0.750597784887652,0.206460685745249,0
0.752225932435907,0.206006063410496,0
0.753853670211118,0.205553621476721,0
0.755480999670088,0.205103346826345,0
0.757107922224718,0.204655226465708,0
0.758734439241704,0.204209247523806,0
0.760360552042158,0.203765397251072,0
0.761986261901284,0.203323663018146,0
0.763611570048098,0.202884032314659,0
0.765236477665126,0.20244649274802,0
0.766860985888096,0.202011032042234,0
0.768485095805695,0.20157763803671,0
0.77010880845932,0.201146298685076,0
0.771732124842807,0.200717002054029,0
0.773355045902253,0.200289736322153,0
0.774977572535765,0.199864489778793,0
0.776599705593257,0.199441250822908,0
0.778221445876245,0.199020007961948,0
0.77984279413771,0.198600749810727,0
0.781463751081913,0.198183465090309,0
0.783084317364203,0.197768142626927,0
0.784704493590902,0.197354771350877,0
0.786324280319181,0.196943340295436,0
0.787943678056901,0.1965338385958,0
0.789562687262497,0.196126255488017,0
0.791181308344906,0.195720580307931,0
0.792799541663435,0.195316802490142,0
0.7944173875277,0.194914911566969,0
0.796034846197509,0.194514897167433,0
0.79765191788284,0.194116749016223,0
0.799268602743742,0.193720456932711,0
0.800884900890286,0.193326010829943,0
0.802500812382571,0.192933400713641,0
0.804116337230596,0.192542616681246,0
0.8057314753943,0.192153648920933,0
0.807346226783536,0.191766487710645,0
0.808960591258021,0.191381123417153,0
0.810574568627371,0.190997546495101,0
0.812188158651059,0.19061574748608,0
0.813801361038454,0.190235717017698,0
0.815414175448822,0.18985744580266,0
0.817026601491361,0.189480924637855,0
0.818638638725203,0.189106144403468,0
0.820250286659468,0.188733096062077,0
0.821861544753277,0.18836177065778,0
0.823472412415823,0.187992159315308,0
0.825082889006426,0.187624253239162,0
0.826692973834554,0.187258043712761,0
0.828302666159905,0.186893522097589,0
0.829911965192492,0.186530679832343,0
0.831520870092678,0.186169508432115,0
0.833129379971265,0.185809999487561,0
0.834737493889609,0.185452144664071,0
0.836345210859641,0.185095935700981,0
0.837952529844001,0.184741364410757,0
0.839559449756146,0.184388422678199,0
0.841165969460405,0.184037102459666,0
0.842772087772111,0.18368739578229,0
0.844377803457707,0.183339294743207,0
0.845983115234844,0.182992791508793,0
0.847588021772503,0.182647878313915,0
0.849192521691111,0.182304547461172,0
0.850796613562684,0.181962791320163,0
0.852400295910919,0.181622602326749,0
0.854003567211343,0.181283972982333,0
0.855606425891412,0.180946895853142,0
0.857208870330726,0.1806113635695,0
0.858810898861075,0.180277368825148,0
0.860412509766647,0.179944904376524,0
0.862013701284108,0.179613963042099,0
0.863614471602826,0.179284537701663,0
0.865214818864976,0.17895662129567,0
0.866814741165646,0.178630206824576,0
0.868414236553099,0.178305287348149,0
0.870013303028853,0.177981855984833,0
0.871611938547847,0.1776599059111,0
0.873210141018622,0.1773394303608,0
0.874807908303484,0.177020422624526,0
0.876405238218655,0.176702876048987,0
0.878002128534428,0.176386784036394,0
0.879598576975386,0.176072140043821,0
0.881194581220522,0.175758937582622,0
0.88279013890344,0.175447170217803,0
0.88438524761252,0.175136831567445,0
0.885979904891084,0.174827915302101,0
0.887574108237598,0.17452041514421,0
0.889167855105831,0.174214324867526,0
0.890761142905049,0.173909638296537,0
0.892353969000169,0.173606349305906,0
0.893946330711989,0.173304451819901,0
0.89553822531733,0.173003939811844,0
0.897129650049246,0.172704807303562,0
0.898720602097204,0.172407048364842,0
0.900311078607253,0.172110657112896,0
0.901901076682237,0.171815627711824,0
0.903490593381987,0.171521954372088,0
0.905079625723498,0.171229631349989,0
0.906668170681111,0.170938652947161,0
0.908256225186737,0.170649013510045,0
0.909843786130025,0.170360707429396,0
0.911430850358538,0.17007372913978,0
0.913017414678007,0.169788073119074,0
0.914603475852459,0.169503733887987,0
0.916189030604468,0.169220706009563,0
0.917774075615317,0.168938984088711,0
0.919358607525185,0.168658562771736,0
0.920942622933378,0.168379436745854,0
0.922526118398521,0.168101600738738,0
0.924109090438728,0.167825049518059,0
0.925691535531818,0.167549777891031,0
0.927273450115509,0.167275780703963,0
0.928854830587634,0.167003052841806,0
0.930435673306317,0.166731589227723,0
0.93201597459018,0.16646138482265,0
0.933595730718536,0.166192434624864,0
0.935174937931595,0.165924733669561,0
0.936753592430674,0.165658277028428,0
0.938331690378373,0.165393059809233,0
0.939909227898795,0.165129077155405,0
0.941486201077727,0.164866324245634,0
0.943062605962845,0.164604796293462,0
0.944638438563936,0.164344488546883,0
0.946213694853056,0.16408539628795,0
0.947788370764758,0.163827514832385,0
0.949362462196296,0.163570839529187,0
0.950935965007804,0.163315365760253,0
0.952508875022474,0.163061088940006,0
0.954081188026836,0.162808004515002,0
0.955652899770849,0.162556107963583,0
0.957224005968192,0.162305394795487,0
0.958794502296399,0.162055860551507,0
0.960364384397089,0.161807500803113,0
0.961933647876153,0.161560311152112,0
0.963502288303942,0.161314287230291,0
0.965070301215475,0.161069424699067,0
0.966637682110639,0.160825719249146,0
0.968204426454376,0.160583166600186,0
0.969770529676867,0.160341762500457,0
0.971335987173753,0.160101502726507,0
0.972900794306306,0.159862383082838,0
0.974464946401647,0.159624399401576,0
0.976028438752913,0.159387547542151,0
0.977591266619452,0.159151823390981,0
0.979153425227041,0.158917222861152,0
0.980714909768056,0.158683741892108,0
0.982275715401677,0.158451376449342,0
0.983835837254055,0.158220122524095,0
0.985395270418517,0.157989976133052,0
0.986954009955786,0.157760933318036,0
0.988512050894112,0.157532990145728,0
0.990069388229489,0.157306142707364,0
0.991626016925862,0.157080387118445,0
0.993181931915282,0.156855719518459,0
0.994737128098109,0.156632136070591,0
0.996291600343198,0.156409632961449,0
0.997845343488077,0.156188206400782,0
0.999398352339143,0.155967852621211,0
1.00095062167183,0.155748567877958,0
1.00250214623081,0.155530348448573,0
1.00405292073017,0.155313190632674,0
1.00560293985359,0.155097090751684,0
1.00715219825452,0.154882045148571,0
1.00870069055636,0.154668050187594,0
1.01024841135267,0.154455102254045,0
1.01179535520732,0.154243197754,0
1.01334151665467,0.154032333114075,0
1.01488689019974,0.153822504781175,0
1.01643147031842,0.153613709222252,0
1.01797525145764,0.153405942924067,0
1.01951822803549,0.153199202392951,0
1.02106039444147,0.152993484154571,0
1.02260174503661,0.152788784753698,0
1.0241422741537,0.152585100753971,0
1.0256819760974,0.152382428737678,0
1.02722084514443,0.15218076530553,0
1.02875887554378,0.15198010707643,0
1.03029606151685,0.15178045068726,0
1.03183239725759,0.151581792792665,0
1.03336787693272,0.151384130064831,0
1.0349024946819,0.151187459193278,0
1.03643624461784,0.150991776884641,0
1.03796912082651,0.150797079862475,0
1.03950111736732,0.150603364867034,0
1.04103222827324,0.150410628655075,0
1.04256244755101,0.150218867999657,0
1.04409176918124,0.150028079689937,0
1.04562018711866,0.149838260530976,0
1.04714769529222,0.149649407343539,0
1.04867428760526,0.14946151696391,0
1.05019995793567,0.149274586243693,0
1.05172470013607,0.149088612049627,0
1.05324850803396,0.148903591263394,0
1.05477137543186,0.148719520781444,0
1.05629329610748,0.148536397514801,0
1.05781426381389,0.148354218388888,0
1.05933427227964,0.14817298034335,0
1.06085331520896,0.147992680331867,0
1.06237138628188,0.14781331532199,0
1.0638884791544,0.147634882294964,0
1.06540458745861,0.147457378245552,0
1.06691970480292,0.147280800181869,0
1.06843382477211,0.147105145125218,0
1.06994694092755,0.146930410109919,0
1.07145904680731,0.146756592183144,0
1.07297013592636,0.146583688404758,0
1.07448020177665,0.146411695847156,0
1.07598923782731,0.146240611595108,0
1.07749723752477,0.146070432745597,0
1.07900419429292,0.145901156407667,0
1.08051010153322,0.145732779702266,0
1.0820149526249,0.145565299762096,0
1.08351874092506,0.145398713731462,0
1.08502145976882,0.145233018766127,0
1.08652310246947,0.145068212033157,0
1.08802366231862,0.14490429071078,0
1.0895231325863,0.144741251988243,0
1.09102150652115,0.144579093065664,0
1.09251877735052,0.144417811153897,0
1.09401493828062,0.144257403474394,0
1.09550998249666,0.144097867259058,0
1.09700390316299,0.143939199750113,0
1.09849669342322,0.143781398199968,0
1.09998834640036,0.143624459871084,0
1.10147885519697,0.143468382035843,0
1.10296821289526,0.143313161976408,0
1.10445641255727,0.143158796984609,0
1.10594344722494,0.143005284361803,0
1.10742930992029,0.142852621418753,0
1.10891399364554,0.142700805475501,0
1.11039749138321,0.142549833861244,0
1.11187979609629,0.142399703914215,0
1.11336090072834,0.142250412981554,0
1.11484079820363,0.142101958419197,0
1.11631948142725,0.141954337591754,0
1.11779694328525,0.141807547872384,0
1.11927317664477,0.141661586642699,0
1.12074817435415,0.141516451292625,0
1.12222192924306,0.141372139220302,0
1.12369443412261,0.141228647831975,0
1.12516568178549,0.141085974541871,0
1.12663566500608,0.140944116772103,0
1.12810437654059,0.140803071952541,0
1.12957180912713,0.140662837520729,0
1.1310379554859,0.140523410921761,0
1.13250280831924,0.140384789608184,0
1.13396636031179,0.140246971039886,0
1.13542860413061,0.140109952684003,0
1.13688953242524,0.139973732014811,0
1.1383491378279,0.139838306513625,0
1.13980741295355,0.1397036736687,0
1.1412643504,0.139569830975133,0
1.14271994274803,0.139436775934768,0
1.14417418256156,0.139304506056091,0
1.14562706238766,0.139173018854144,0
1.14707857475675,0.139042311850424,0
1.14852871218264,0.138912382572792,0
1.14997746716272,0.13878322855538,0
1.151424832178,0.138654847338502,0
1.15287079969324,0.138527236468555,0
1.15431536215706,0.138400393497942,0
1.15575851200207,0.138274315984972,0
1.15720024164495,0.138149001493779,0
1.15864054348654,0.138024447594229,0
1.16007940991199,0.137900651861847,0
1.16151683329084,0.137777611877713,0
1.16295280597713,0.137655325228394,0
1.16438732030949,0.137533789505854,0
1.16582036861124,0.137413002307373,0
1.16725194319055,0.137292961235463,0
1.16868203634046,0.137173663897793,0
1.17011064033904,0.137055107907101,0
1.17153774744945,0.136937290881127,0
1.17296334992008,0.136820210442523,0
1.17438743998463,0.13670386421878,0
1.17581000986219,0.136588249842158,0
1.17723105175735,0.136473364949603,0
1.17865055786034,0.136359207182671,0
1.18006852034707,0.136245774187461,0
1.18148493137925,0.136133063614535,0
1.18289978310447,0.136021073118853,0
1.18431306765632,0.135909800359691,0
1.18572477715449,0.135799243000581,0
1.18713490370481,0.135689398709236,0
1.18854343939942,0.135580265157477,0
1.1899503763168,0.135471840021169,0
1.1913557065219,0.135364120980154,0
1.19275942206621,0.135257105718179,0
1.19416151498785,0.135150791922836,0
1.1955619773117,0.135045177285489,0
1.19696080104946,0.134940259501208,0
1.19835797819971,0.134836036268717,0
1.19975350074805,0.134732505290318,0
1.20114736066717,0.134629664271832,0
1.20253954991694,0.134527510922534,0
1.2039300604445,0.134426042955094,0
1.20531888418433,0.134325258085521,0
1.20670601305835,0.134225154033088,0
1.20809143897602,0.134125728520286,0
1.2094751538344,0.134026979272756,0
1.21085714951825,0.13392890401924,0
1.21223741790012,0.13383150049151,0
1.21361595084041,0.133734766424321,0
1.21499274018748,0.133638699555347,0
1.21636777777773,0.133543297625135,0
1.21774105543566,0.133448558377034,0
1.21911256497397,0.133354479557152,0
1.22048229819366,0.133261058914302,0
1.22185024688408,0.133168294199936,0
1.223216402823,0.133076183168106,0
1.22458075777676,0.132984723575398,0
1.22594330350026,0.132893913180896,0
1.2273040317371,0.132803749746109,0
1.22866293421966,0.132714231034942,0
1.23002000266913,0.132625354813622,0
1.23137522879564,0.132537118850672,0
1.2327286042983,0.132449520916844,0
1.23408012086531,0.132362558785074,0
1.23542977017403,0.132276230230443,0
1.23677754389102,0.132190533030105,0
1.23812343367217,0.13210546496327,0
1.23946743116272,0.132021023811136,0
1.24080952799741,0.131937207356842,0
1.24214971580048,0.131854013385437,0
1.24348798618577,0.13177143968382,0
1.24482433075682,0.131689484040699,0
1.24615874110693,0.131608144246545,0
1.2474912088192,0.131527418093559,0
1.24882172546664,0.131447303375603,0
1.25015028261224,0.131367797888182,0
1.25147687180903,0.131288899428389,0
1.25280148460016,0.131210605794862,0
1.25412411251897,0.131132914787745,0
1.25544474708905,0.131055824208641,0
1.25676337982433,0.130979331860583,0
1.25808000222915,0.130903435547976,0
1.2593946057983,0.130828133076568,0
1.26070718201713,0.130753422253407,0
1.2620177223616,0.130679300886801,0
1.26332621829834,0.130605766786283,0
1.26463266128473,0.130532817762555,0
1.26593704276898,0.130460451627477,0
1.26723935419019,0.130388666194003,0
1.26853958697838,0.130317459276158,0
1.26983773255464,0.130246828688997,0
1.27113378233112,0.130176772248569,0
1.27242772771113,0.130107287771876,0
1.27371956008921,0.130038373076837,0
1.27500927085118,0.12997002598226,0
1.27629685137424,0.129902244307796,0
1.27758229302697,0.129835025873912,0
1.27886558716949,0.129768368501847,0
1.28014672515343,0.129702270013588,0
1.28142569832206,0.129636728231827,0
1.28270249801033,0.129571740979934,0
1.28397711554494,0.129507306081916,0
1.28524954224439,0.129443421362384,0
1.28651976941908,0.129380084646535,0
1.28778778837133,0.129317293760094,0
1.28905359039547,0.129255046529308,0
1.29031716677791,0.12919334078089,0
1.29157850879718,0.129132174342006,0
1.29283760772401,0.129071545040229,0
1.29409445482138,0.129011450703525,0
1.29534904134459,0.128951889160201,0
1.29660135854135,0.12889285823889,0
1.29785139765177,0.12883435576852,0
1.2990991499085,0.128776379578269,0
1.30034460653676,0.128718927497559,0
1.30158775875438,0.128661997356002,0
1.3028285977719,0.128605586983393,0
1.3040671147926,0.128549694209661,0
1.30530330101261,0.12849431686486,0
1.30653714762089,0.128439452779116,0
1.30776864579937,0.128385099782631,0
1.30899778672298,0.128331255705625,0
1.31022456155968,0.128277918378319,0
1.31144896147058,0.128225085630923,0
1.31267097760998,0.128172755293586,0
1.31389060112538,0.128120925196373,0
1.31510782315763,0.128069593169256,0
1.31632263484091,0.128018757042067,0
1.31753502730283,0.127968414644483,0
1.31874499166449,0.127918563805997,0
1.31995251904055,0.127869202355891,0
1.32115760053924,0.127820328123219,0
1.32236022726247,0.127771938936758,0
1.32356039030587,0.127724032625021,0
1.32475808075886,0.127676607016197,0
1.32595328970472,0.127629659938145,0
1.32714600822059,0.12758318921836,0
1.32833622737762,0.127537192683963,0
1.32952393824095,0.127491668161657,0
1.33070913186983,0.127446613477724,0
1.33189179931764,0.127402026457984,0
1.33307193163196,0.12735790492778,0
1.33424951985465,0.127314246711963,0
1.33542455502188,0.127271049634848,0
1.33659702816422,0.127228311520203,0
1.33776693030666,0.12718603019124,0
1.33893425246873,0.127144203470564,0
1.3400989856645,0.127102829180179,0
1.34126112090267,0.12706190514144,0
1.34242064918664,0.127021429175054,0
1.34357756151456,0.126981399101047,0
1.34473184887936,0.126941812738737,0
1.34588350226888,0.126902667906733,0
1.34703251266586,0.126863962422883,0
1.34817887104806,0.126825694104285,0
1.34932256838828,0.126787860767246,0
1.35046359565443,0.126750460227269,0
1.35160194380963,0.126713490299028,0
1.35273760381221,0.126676948796353,0
1.35387056661582,0.126640833532208,0
1.35500082316948,0.126605142318665,0
1.35612836441763,0.126569872966896,0
1.35725318130021,0.126535023287142,0
1.35837526475273,0.126500591088708,0
1.3594946057063,0.126466574179917,0
1.36061119508773,0.126432970368119,0
1.36172502381959,0.126399777459665,0
1.36283608282026,0.126366993259872,0
1.36394436300398,0.126334615573023,0
1.36504985528099,0.126302642202344,0
1.36615255055749,0.126271070949973,0
1.3672524397358,0.126239899616965,0
1.36834951371438,0.12620912600325,0
1.36944376338789,0.12617874790763,0
1.37053517964732,0.126148763127756,0
1.37162375337997,0.126119169460105,0
1.37270947546958,0.126089964699981,0
1.3737923367964,0.126061146641474,0
1.37487232823723,0.126032713077456,0
1.3759494406655,0.126004661799558,0
1.37702366495138,0.125976990598162,0
1.37809499196178,0.125949697262374,0
1.37916341256051,0.125922779580012,0
1.38022891760828,0.125896235337587,0
1.38129149796281,0.125870062320288,0
1.3823511444789,0.12584425831197,0
1.38340784800853,0.125818821095121,0
1.38446159940087,0.125793748450866,0
1.38551238950245,0.125769038158943,0
1.38656020915716,0.125744687997682,0
1.38760504920636,0.125720695744003,0
1.38864690048901,0.125697059173377,0
1.38968575384165,0.125673776059826,0
1.39072160009856,0.125650844175914,0
1.39175443009183,0.125628261292727,0
1.39278423465143,0.125606025179833,0
1.39381100460533,0.125584133605309,0
1.39483473077953,0.125562584335691,0
1.39585540399819,0.125541375135976,0
1.39687301508373,0.125520503769611,0
1.39788755485691,0.12549996799846,0
1.39889901413688,0.12547976558281,0
1.39990738374135,0.125459894281335,0
1.40091265448665,0.12544035185111,0
1.4019148171878,0.125421136047566,0
1.40291386265867,0.125402244624491,0
1.40390978171203,0.125383675334027,0
1.40490256515966,0.125365425926635,0
1.40589220381248,0.125347494151088,0
1.40687868848066,0.125329877754468,0
1.40786200997368,0.125312574482139,0
1.40884215910049,0.125295582077736,0
1.40981912666959,0.125278898283163,0
1.41079290348917,0.125262520838562,0
1.41176348036721,0.12524644748232,0
1.4127308481116,0.125230675951029,0
1.41369499753028,0.1252152039795,0
1.41465591943134,0.125200029300746,0
1.41561360462314,0.125185149645947,0
1.41656804391448,0.125170562744465,0
1.4175192281147,0.125156266323819,0
1.41846714803381,0.125142258109671,0
1.41941179448265,0.125128535825819,0
1.42035315827301,0.125115097194174,0
1.4212912302178,0.125101939934777,0
1.42222600113116,0.125089061765749,0
1.42315746182863,0.125076460403305,0
1.42408560312731,0.125064133561746,0
1.42501041584602,0.125052078953411,0
1.42593189080543,0.125040294288724,0
1.42685001882825,0.125028777276126,0
1.42776479073941,0.12501752562211,0
1.42867619736619,0.125006537031173,0
1.42958422953846,0.124995809205835,0
1.4304888780888,0.124985339846608,0
1.43139013385272,0.124975126652007,0
1.43228798766882,0.124965167318517,0
1.43318243037905,0.124955459540593,0
1.43407345282884,0.124946001010662,0
1.43496104586734,0.124936789419088,0
1.43584520034763,0.124927822454196,0
1.43672590712695,0.124919097802235,0
1.43760315706687,0.12491061314738,0
1.43847694103359,0.124902366171718,0
1.43934724989814,0.124894354555263,0
1.44021407453661,0.124886575975913,0
1.44107740583043,0.124879028109462,0
1.44193723466661,0.1248717086296,0
1.44279355193799,0.124864615207884,0
1.44364634854355,0.124857745513746,0
1.44449561538866,0.124851097214485,0
1.44534134338536,0.124844667975259,0
1.4461835234527,0.124838455459078,0
1.44702214651699,0.124832457326807,0
1.44785720351215,0.124826671237137,0
1.44868868538005,0.124821094846598,0
1.44951658307078,0.124815725809569,0
1.45034088754307,0.124810561778241,0
1.45116158976461,0.124805600402632,0
1.4519786807124,0.124800839330585,0
1.45279215137316,0.124796276207751,0
1.45360199274372,0.12479190867761,0
1.45440819583141,0.124787734381443,0
1.45521075165448,0.124783750958339,0
1.45600965124255,0.124779956045214,0
1.45680488563701,0.124776347276775,0
1.45759644589153,0.124772922285549,0
1.45838432307255,0.12476967870186,0
1.45916850825968,0.124766614153862,0
1.45994899254632,0.124763726267503,0
1.46072576704013,0.124761012666554,0
1.46149882286359,0.12475847097261,0
1.46226815115455,0.124756098805067,0
1.46303374306685,0.124753893781167,0
1.4637955897709,0.124751853515973,0
1.46455368245431,0.124749975622395,0
1.46530801232258,0.124748257711169,0
1.4660585705997,0.124746697390906,0
1.46680534852894,0.124745292268068,0
1.46754833737353,0.124744039946976,0
1.46828752841742,0.124742938029857,0
1.46902291296605,0.124741984116813,0
1.46975448234722,0.124741175805866,0
1.47048222791188,0.124740510692948,0
1.47120614103502,0.124739986371939,0
1.47192621311662,0.124739600434666,0
1.47264243558253,0.124739350470933,0
1.47335479988555,0.124739234068534,0
1.47406329750637,0.124739248813292,0
1.4747679199547,0.124739392289036,0
1.47546865877035,0.124739662077698,0
1.4761655055244,0.124740055759269,0
1.4768584518204,0.124740570911877,0
1.47754748929565,0.124741205111778,0
1.47823260962249,0.12474195593344,0
1.47891380450964,0.124742820949523,0
1.47959106570369,0.124743797730958,0
1.48026438499054,0.124744883846965,0
1.48093375419693,0.124746076865095,0
1.48159916519214,0.124747374351307,0
1.48226060988959,0.124748773869971,0
1.48291808024865,0.124750272983943,0
1.48357156827649,0.12475186925464,0
1.48422106602997,0.124753560242053,0
1.48486656561772,0.124755343504845,0
1.48550805920218,0.124757216600418,0
1.48614553900186,0.124759177084951,0
1.48677899729359,0.124761222513528,0
1.48740842641503,0.12476335044016,0
1.48803381876711,0.124765558417909,0
1.48865516681675,0.124767843998977,0
1.48927246309961,0.124770204734781,0
1.48988570022301,0.124772638176072,0
1.49049487086904,0.124775141873047,0
1.4910999677977,0.124777713375446,0
1.49170098385036,0.124780350232687,0
1.49229791195322,0.124783049994002,0
1.49289074512111,0.124785810208572,0
1.49347947646139,0.124788628425671,0
1.49406409917805,0.124791502194818,0
1.49464460657609,0.124794429065968,0
1.49522099206603,0.124797406589655,0
1.49579324916879,0.124800432317215,0
1.49636137152071,0.124803503800967,0
1.49692535287891,0.124806618594461,0
1.49748518712695,0.124809774252621,0
1.49804086828074,0.124812968332106,0
1.49859239049486,0.124816198391476,0
1.49913974806918,0.124819461991549,0
1.49968293545587,0.124822756695615,0
1.50022194726681,0.124826080069802,0
1.5007567782815,0.1248294296834,0
1.50128742345527,0.124832803109254,0
1.50181387792814,0.124836197924067,0
1.50233613703414,0.124839611708903,0
1.5028541963112,0.124843042049563,0
1.50336805151163,0.124846486537115,0
1.50387769861325,0.124849942768304,0
1.50438313383126,0.124853408346216,0
1.50488435363077,0.124856880880741,0
1.50538135474023,0.124860357989276,0
1.50587413416561,0.124863837297356,0
1.50636268920559,0.12486731643936,0
1.50684701746778,0.124870793059302,0
1.50732711688583,0.124874264811661,0
1.50780298573791,0.124877729362245,0
1.50827462266638,0.124881184389167,0
1.50874202669868,0.124884627583891,0
1.50920519726987,0.124888056652305,0
1.50966413424664,0.124891469315957,0
1.51011883795304,0.124894863313349,0
1.51056930919812,0.124898236401341,0
1.5110155493055,0.124901586356626,0
1.5114575601452,0.124904910977479,0
1.51189534416782,0.1249082080854,0
1.51232890444133,0.12491147552715,0
1.51275824469061,0.124914711176856,0
1.51318336934015,0.124917912938199,0
1.51360428356007,0.124921078747003,0
1.51402099331584,0.12492420657387,0
1.51443350542193,0.124927294427171,0
1.5148418276,0.124930340356285,0
1.51524596854179,0.124933342455041,0
1.5156459379774,0.124936298865673,0
1.51604174674934,0.124939207782967,0
1.51643340689302,0.124942067458938,0
1.51682093172441,0.124944876207884,0
1.51720433593532,0.124947632412059,0
1.51758363569754,0.124950334527751,0
1.51795884877639,0.124952981092091,0
1.51832999465499,0.124955570730685,0
1.51869709467027,0.124958102165791,0
1.5190601721621,0.124960574225569,0
1.51941925263705,0.124962985854406,0
1.51977436394848,0.124965336124078,0
1.52012553649486,0.124967624246681,0
1.5204728034385,0.124969849588585,0
1.52081620094729,0.124972011686226,0
1.52115576846221,0.124974110263881,0
1.52149154899386,0.124976145253474,0
1.52182358945186,0.124978116816912,0
1.5221519410114,0.124980025371247,0
1.52247665952186,0.124981871617139,0
1.52279780596336,0.124983656570807,0
1.52311544695772,0.124985381600931,0
1.52342965534192,0.124987048469772,0
1.52374051081278,0.124988659380848,0
1.52404810065347,0.124990217032843,0
1.52435252055455,0.124991724681993,0
1.52465387554374,0.124993186213243,0
1.52495228104197,0.124994606223056,0
1.52524786406591,0.124995990114517,0
1.52554076460134,0.124997344208127,0
1.52583113717657,0.124998675871202,0
1.52607893232771,0.124998669331323,0
