1.56864747814479,-0,0
1.5689515215432,-0.00986801114713671,0
1.56919440334671,-0.0197398584124204,0
1.56937576448465,-0.0296151624706106,0
1.56949545583118,-0.0394935407934831,0
1.56955337924997,-0.0493746091931749,0
1.56954946064852,-0.0592579823483167,0
1.56948364027679,-0.069143274072274,0
1.56935586821863,-0.079030097476384,0
1.56916610196652,-0.0889180650808198,0
1.56891430498383,-0.0988067888959161,0
1.56860044579101,-0.108695880485373,0
1.56822449735336,-0.118584951017637,0
1.56778643665343,-0.128473611309186,0
1.56728624438234,-0.138361471862072,0
1.56672390471069,-0.148248142897253,0
1.56609940511453,-0.158133234384758,0
1.56541273624062,-0.168016356071426,0
1.56466389180021,-0.177897117506745,0
1.56385286848415,-0.187775128067182,0
1.56297966589409,-0.197649996979302,0
1.56204428648609,-0.207521333341886,0
1.56104673552393,-0.217388746147239,0
1.55998702103997,-0.227251844301816,0
1.55886515380224,-0.237110236646273,0
1.55768114728637,-0.246963531975038,0
1.55643501765152,-0.25681133905546,0
1.55512678371962,-0.266653266646615,0
1.55375646695732,-0.276488923517793,0
1.55232409146018,-0.286317918466723,0
1.55082968393874,-0.296139860337565,0
1.54927327370615,-0.305954358038694,0
1.5476548926672,-0.315761020560306,0
1.54597457530838,-0.325559456991856,0
1.54423235868898,-0.335349276539357,0
1.54242828243294,-0.345130088542551,0
1.54056238872149,-0.354901502491961,0
1.53863472228624,-0.364663128045836,0
1.53664533040294,-0.374414575047008,0
1.53459426288555,-0.384155453539656,0
1.53248157208075,-0.393885373785991,0
1.53030731286275,-0.403603946282869,0
1.52807154262836,-0.413310781778339,0
1.52577432129233,-0.423005491288125,0
1.52341571128284,-0.432687686112051,0
1.5209957775372,-0.442356977850411,0
1.51851458749763,-0.45201297842029,0
1.51597221110723,-0.461655300071836,0
1.51336872080597,-0.471283555404485,0
1.51070419152685,-0.480897357383146,0
1.50797870069197,-0.490496319354344,0
1.50519232820883,-0.500080055062322,0
1.5023451564665,-0.509648178665105,0
1.49943727033191,-0.519200304750535,0
1.49646875714613,-0.528736048352257,0
1.4934397067206,-0.538255024965688,0
1.49035021133342,-0.547756850563937,0
1.48720036572559,-0.557241141613704,0
1.48399026709725,-0.566707515091139,0
1.48072001510385,-0.576155588497681,0
1.47738971185234,-0.585584979875849,0
1.47399946189727,-0.594995307825021,0
1.47054937223692,-0.604386191517174,0
1.46703955230928,-0.613757250712589,0
1.46347011398808,-0.623108105775541,0
1.45984117157872,-0.632438377689944,0
1.45615284181412,-0.641747688074979,0
1.45240524385057,-0.651035659200685,0
1.44859849926345,-0.66030191400352,0
1.44473273204297,-0.669546076101904,0
1.44080806858974,-0.678767769811714,0
1.43682463771037,-0.687966620161767,0
1.43278257061292,-0.697142252909261,0
1.42868200090234,-0.706294294555192,0
1.42452306457581,-0.715422372359738,0
1.42030590001798,-0.724526114357618,0
1.41603064799619,-0.733605149373407,0
1.41169745165556,-0.742659107036839,0
1.40730645651403,-0.75168761779806,0
1.40285781045734,-0.760690312942862,0
1.39835166373386,-0.769666824607879,0
1.39378816894942,-0.778616785795754,0
1.38916748106199,-0.787539830390269,0
1.38448975737636,-0.796435593171444,0
1.37975515753864,-0.805303709830605,0
1.37496384353075,-0.814143816985415,0
1.37011597966478,-0.82295555219487,0
1.36521173257732,-0.831738553974263,0
1.36025127122363,-0.840492461810108,0
1.3552347668718,-0.849216916175037,0
1.35016239309677,-0.857911558542651,0
1.34503432577429,-0.866576031402339,0
1.33985074307481,-0.875209978274063,0
1.33461182545723,-0.8838130437231,0
1.32931775566262,-0.892384873374746,0
1.3239687187078,-0.900925113928989,0
1.31856490187891,-0.909433413175132,0
1.31310649472481,-0.917909420006387,0
1.30759368905046,-0.926352784434421,0
1.30202667891013,-0.934763157603868,0
1.29640566060063,-0.943140191806794,0
1.29073083265439,-0.951483540497123,0
1.28500239583242,-0.959792858305027,0
1.27922055311728,-0.968067801051261,0
1.27338550970586,-0.976308025761467,0
1.26749747300217,-0.984513190680425,0
1.26155665260994,-0.99268295528627,0
1.25556326032522,-1.00081698030466,0
1.24951751012885,-1.00891492772288,0
1.24341961817885,-1.01697646080394,0
1.23726980280274,-1.02500124410061,0
1.23106828448973,-1.03298894346938,0
1.22481528588291,-1.04093922608441,0
1.21851103177122,-1.04885176045141,0
1.21215574908146,-1.05672621642149,0
1.20574966687016,-1.06456226520496,0
1.19929301631538,-1.07235957938506,0
1.19278603070837,-1.08011783293164,0
1.18622894544523,-1.08783670121484,0
1.17962199801841,-1.09551586101864,0
1.1729654280082,-1.10315499055443,0
1.16625947707406,-1.11075376947449,0
1.1595043889459,-1.11831187888543,0
1.15270040941528,-1.12582900136155,0
1.14584778632653,-1.13330482095821,0
1.13894676956774,-1.14073902322507,0
1.13199761106176,-1.14813129521934,0
1.125000564757,-1.15548132551891,0
1.11795588661824,-1.16278880423553,0
1.11086383461732,-1.17005342302776,0
1.10372466872372,-1.17727487511407,0
1.09653865089514,-1.18445285528572,0
1.08930604506789,-1.19158705991967,0
1.0820271171473,-1.19867718699139,0
1.07470213499796,-1.20572293608765,0
1.06733136843396,-1.2127240084192,0
1.05991508920899,-1.21968010683344,0
1.05245357100636,-1.22659093582699,0
1.04494708942902,-1.23345620155824,0
1.03739592198935,-1.24027561185979,0
1.02980034809907,-1.24704887625087,0
1.02216064905884,-1.25377570594969,0
1.01447710804801,-1.2604558138857,0
1.0067500101141,-1.26708891471182,0
0.998979642162351,-1.2736747248166,0
0.991166292945074,-1.28021296233627,0
0.983310253051021,-1.28670334716683,0
0.975411814894618,-1.29314560097594,0
0.967471272705144,-1.29953944721485,0
0.959488922515832,-1.30588461113023,0
0.951465062152891,-1.31218081977591,0
0.943399991224452,-1.31842780202461,0
0.93529401110944,-1.3246252885795,0
0.927147424946374,-1.33077301198583,0
0.918960537622087,-1.33687070664236,0
0.910733655760375,-1.34291810881284,0
0.902467087710569,-1.3489149566373,0
0.894161143536045,-1.35486099014336,0
0.88581613500264,-1.36075595125744,0
0.877432375567019,-1.36659958381591,0
0.869010180364955,-1.37239163357611,0
0.860549866199536,-1.37813184822741,0
0.852051751529317,-1.38381997740208,0
0.84351615645638,-1.38945577268619,0
0.834943402714338,-1.39503898763033,0
0.826333813656267,-1.40056937776035,0
0.817687714242561,-1.406046700588,0
0.809005431028729,-1.41147071562145,0
0.800287292153113,-1.41684118437578,0
0.791533627324544,-1.42215787038342,0
0.782744767809928,-1.42742053920443,0
0.773921046421769,-1.43262895843677,0
0.765062797505615,-1.43778289772647,0
0.75617035692745,-1.44288212877775,0
0.747244062061009,-1.44792642536303,0
0.738284251775039,-1.45291556333284,0
0.729291266420482,-1.45784932062572,0
0.720265447817605,-1.46272747727801,0
0.71120713924306,-1.46754981543351,0
0.702116685416879,-1.47231611935317,0
0.692994432489413,-1.47702617542457,0
0.6838407280282,-1.48167977217142,0
0.674655921004778,-1.48627670026295,0
0.66544036178143,-1.49081675252319,0
0.656194402097874,-1.49529972394019,0
0.646918395057888,-1.49972541167519,0
0.637612695115875,-1.50409361507164,0
0.628277658063374,-1.50840413566418,0
0.618913641015503,-1.51265677718754,0
0.60952100239735,-1.51685134558534,0
0.600100101930303,-1.5209876490188,0
0.590651300618326,-1.52506549787541,0
0.581174960734171,-1.52908470477742,0
0.571671445805541,-1.53304508459038,0
0.56214112060119,-1.53694645443146,0
0.552584351116975,-1.54078863367776,0
0.543001504561849,-1.54457144397456,0
0.533392949343796,-1.54829470924337,0
0.523759055055717,-1.55195825569002,0
0.514100192461263,-1.55556191181258,0
0.504416733480614,-1.55910550840921,0
0.494709051176202,-1.56258887858597,0
0.484977519738385,-1.56601185776446,0
0.475222514471077,-1.56937428368943,0
0.46544441177731,-1.57267599643629,0
0.455643589144766,-1.57591683841849,0
0.445820425131243,-1.57909665439491,0
0.435975299350082,-1.58221529147701,0
0.426108592455541,-1.58527259913604,0
0.416220686128124,-1.58826842921007,0
0.406311963059858,-1.59120263591095,0
0.396382806939527,-1.59407507583115,0
0.386433602437863,-1.5968856079506,0
0.376464735192679,-1.59963409364332,0
0.366476591793973,-1.60232039668405,0
0.356469559768976,-1.60494438325471,0
0.34644402756716,-1.60750592195086,0
0.336400384545202,-1.61000488378796,0
0.326339020951907,-1.61244114220762,0
0.316260327913084,-1.61481457308374,0
0.306164697416389,-1.6171250547285,0
0.296052522296116,-1.61937246789831,0
0.285924196217957,-1.6215566957997,0
0.275780113663715,-1.623677624095,0
0.265620669915984,-1.62573514090803,0
0.255446261042786,-1.62772913682964,0
0.245257283882171,-1.62965950492319,0
0.23505413602678,-1.6315261407299,0
0.224837215808369,-1.63332894227412,0
0.214606922282302,-1.6350678100685,0
0.204363655212001,-1.63674264711908,0
0.194107815053367,-1.63835335893023,0
0.183839802939164,-1.63989985350958,0
0.173560020663367,-1.64138204137277,0
0.163268870665481,-1.64279983554813,0
0.152966756014824,-1.6441531515813,0
0.142654080394781,-1.64544190753969,0
0.132331248087022,-1.64666602401686,0
0.121998663955694,-1.64782542413685,0
0.111656733431581,-1.64892003355834,0
0.10130586249623,-1.64994978047876,0
0.0909464576660559,-1.65091459563828,0
0.0805789259764155,-1.65181441232368,0
0.0702036749656466,-1.65264916637219,0
0.0598211126590905,-1.65341879617514,0
0.0494316475530812,-1.6541232426816,0
0.0390356885989116,-1.65476244940183,0
0.0286336451867731,-1.65533636241069,0
0.0182259271296714,-1.65584493035093,0
0.00781294464731737,-1.65628810443641,0
-0.00260489165000407,-1.65666583845514,0
-0.0130271707775896,-1.65697808877232,0
-0.0234534813924923,-1.65722481433318,0
-0.0338834118097226,-1.65740597666581,0
-0.0443165500184652,-1.65752153988383,0
-0.0547524836983192,-1.65757147068894,0
-0.0651908002355567,-1.65755573837346,0
-0.0756310867394008,-1.65747431482266,0
-0.0860729300583201,-1.65732717451708,0
-0.0965159167963447,-1.65711429453466,0
-0.106959633329395,-1.65683565455284,0
-0.11740366582163,-1.65649123685052,0
-0.127847600241809,-1.65608102630991,0
-0.138291022379667,-1.65560501041835,0
-0.148733517862314,-1.6550631792699,0
-0.159174672170634,-1.65445552556694,0
-0.169614070655704,-1.65378204462162,0
-0.180051298555232,-1.65304273435717,0
-0.190485941009994,-1.65223759530923,0
-0.200917583080291,-1.65136663062691,0
-0.211345809762414,-1.65042984607386,0
-0.221770206005117,-1.64942725002924,0
-0.232190356726106,-1.64835885348851,0
-0.242605846828524,-1.64722467006415,0
-0.25301626121746,-1.64602471598633,0
-0.26342118481645,-1.64475901010341,0
-0.273820202583996,-1.64342757388233,0
-0.284212899530083,-1.64203043140897,0
-0.294598860732709,-1.64056760938831,0
-0.30497767135441,-1.63903913714459,0
-0.315348916658797,-1.63744504662124,0
-0.325712182027097,-1.63578537238083,0
-0.336067052974685,-1.63406015160486,0
-0.346413115167634,-1.63226942409339,0
-0.356749954439255,-1.6304132322647,0
-0.367077156806643,-1.6284916211547,0
-0.377394308487218,-1.62650463841634,0
-0.387700995915275,-1.62445233431889,0
-0.397996805758519,-1.62233476174704,0
-0.40828132493461,-1.62015197620004,0
-0.4185541406277,-1.61790403579061,0
-0.428814840304967,-1.61559100124378,0
-0.439063011733148,-1.61321293589566,0
-0.449298242995061,-1.61076990569207,0
-0.459520122506129,-1.6082619791871,0
-0.469728239030891,-1.60568922754148,0
-0.479922181699517,-1.60305172452098,0
-0.490101540024304,-1.60034954649459,0
-0.500265903916167,-1.59758277243264,0
-0.510414863701132,-1.59475148390482,0
-0.520548010136802,-1.59185576507811,0
-0.530664934428828,-1.58889570271453,0
-0.540765228247364,-1.58587138616891,0
-0.550848483743507,-1.58278290738642,0
-0.560914293565732,-1.5796303609001,0
-0.570962250876311,-1.57641384382827,0
-0.580991949367718,-1.57313345587172,0
-0.591002983279022,-1.56978929931101,0
-0.600994947412265,-1.56638147900346,0
-0.610967437148824,-1.56291010238014,0
-0.620920048465757,-1.55937527944276,0
-0.630852377952137,-1.55577712276041,0
-0.640764022825358,-1.55211574746623,0
-0.65065458094744,-1.54839127125396,0
-0.660523650841297,-1.5446038143744,0
-0.670370831707001,-1.54075349963175,0
-0.680195723438014,-1.53684045237986,0
-0.689997926637411,-1.53286480051839,0
-0.699777042634075,-1.52882667448881,0
-0.70953267349887,-1.52472620727036,0
-0.719264422060795,-1.5205635343759,0
-0.728971891923111,-1.5163387938476,0
-0.738654687479452,-1.51205212625261,0
-0.748312413929898,-1.50770367467854,0
-0.757944677297038,-1.50329358472895,0
-0.767551084441997,-1.49882200451858,0
-0.777131243080443,-1.49428908466864,0
-0.786684761798561,-1.48969497830192,0
-0.796211250069002,-1.48503984103776,0
-0.805710318266812,-1.48032383098702,0
-0.815181577685314,-1.47554710874683,0
-0.824624640551977,-1.47070983739537,0
-0.834039120044249,-1.46581218248641,0
-0.843424630305355,-1.46085431204387,0
-0.852780786460072,-1.45583639655621,0
-0.862107204630462,-1.45075860897072,0
-0.871403501951584,-1.44562112468774,0
-0.880669296587157,-1.4404241215548,0
-0.88990420774521,-1.43516777986053,0
-0.89910785569367,-1.42985228232869,0
-0.908279861775947,-1.42447781411188,0
-0.917419848426451,-1.41904456278528,0
-0.926527439186097,-1.41355271834026,0
-0.935602258717759,-1.40800247317789,0
-0.944643932821689,-1.40239402210235,0
-0.953652088450904,-1.39672756231422,0
-0.962626353726521,-1.39100329340372,0
-0.971566357953069,-1.3852214173438,0
-0.980471731633742,-1.37938213848318,0
-0.989342106485628,-1.37348566353923,0
-0.998177115454884,-1.36753220159086,0
-1.00697639273188,-1.36152196407115,0
-1.01573957376627,-1.35545516476007,0
-1.02446629528209,-1.34933201977694,0
-1.03315619529272,-1.34315274757289,0
-1.04180891311585,-1.33691756892321,0
-1.05042408938845,-1.33062670691956,0
-1.05900136608156,-1.32428038696216,0
-1.06754038651516,-1.31787883675178,0
-1.07604079537297,-1.31142228628174,0
-1.08450223871713,-1.30491096782978,0
-1.09292436400289,-1.29834511594977,0
-1.10130682009328,-1.29172496746343,0
-1.10964925727365,-1.28505076145188,0
-1.11795132726622,-1.27832273924716,0
-1.12621268324455,-1.27154114442357,0
-1.13443297984799,-1.26470622278899,0
-1.14261187319604,-1.25781822237609,0
-1.15074902090269,-1.25087739343345,0
-1.15884408209066,-1.24388398841655,0
-1.16689671740566,-1.23683826197872,0
-1.17490658903053,-1.22974047096195,0
-1.18287336069933,-1.22259087438768,0
-1.19079669771145,-1.21538973344741,0
-1.19867626694554,-1.20813731149328,0
-1.20651173687349,-1.20083387402855,0
-1.21430277757431,-1.19347968869798,0
-1.22204906074794,-1.1860750252781,0
-1.22975025972903,-1.17862015566745,0
-1.23740604950062,-1.17111535387667,0
-1.24501610670785,-1.16356089601855,0
-1.25258010967145,-1.15595706029794,0
-1.26009773840137,-1.14830412700161,0
-1.26756867461016,-1.14060237848804,0
-1.27499260172644,-1.13285209917706,0
-1.28236920490819,-1.12505357553946,0
-1.28969817105604,-1.1172070960865,0
-1.29697918882652,-1.10931295135931,0
-1.30421194864515,-1.10137143391822,0
-1.31139614271957,-1.09338283833202,0
-1.31853146505256,-1.08534746116714,0
-1.32561761145494,-1.07726560097669,0
-1.33265427955854,-1.06913755828946,0
-1.33964116882895,-1.06096363559888,0
-1.34657798057832,-1.05274413735176,0
-1.35346441797801,-1.04447936993713,0
-1.36030018607123,-1.03616964167484,0
-1.36708499178558,-1.02781526280414,0
-1.37381854394554,-1.01941654547223,0
-1.38050055328485,-1.01097380372263,0
-1.38713073245888,-1.00248735348351,0
-1.39370879605687,-0.993957512556011,0
-1.40023446061414,-0.985384600602354,0
-1.4067074446242,-0.976768939133975,0
-1.41312746855083,-0.968110851499532,0
-1.41949425484002,-0.95941066287285,0
-1.42580752793188,-0.950668700240783,0
-1.43206701427249,-0.941885292390998,0
-1.43827244232564,-0.933060769899687,0
-1.44442354258448,-0.924195465119192,0
-1.45052004758319,-0.91528971216557,0
-1.45656169190845,-0.906343846906061,0
-1.4625482122109,-0.897358206946507,0
-1.46847934721653,-0.888333131618665,0
-1.47435483773797,-0.87926896196748,0
-1.48017442668569,-0.87016604073825,0
-1.48593785907915,-0.861024712363748,0
-1.49164488205787,-0.851845322951249,0
-1.4972952448924,-0.842628220269499,0
-1.50288869899519,-0.833373753735599,0
-1.50842499793147,-0.824082274401832,0
-1.51390389742993,-0.81475413494241,0
-1.51932515539342,-0.805389689640148,0
-1.52468853190947,-0.795989294373079,0
-1.52999378926086,-0.786553306600989,0
-1.53524069193594,-0.777082085351891,0
-1.54042900663904,-0.767575991208422,0
-1.54555850230065,-0.758035386294183,0
-1.55062895008759,-0.748460634260002,0
-1.5556401234131,-0.738852100270132,0
-1.56059179794684,-0.729210150988393,0
-1.56548375162474,-0.719535154564229,0
-1.57031576465887,-0.709827480618718,0
-1.57508761954713,-0.700087500230511,0
-1.57979910108293,-0.690315585921697,0
-1.58444999636471,-0.680512111643622,0
-1.58904009480543,-0.670677452762634,0
-1.59356918814195,-0.660811986045761,0
-1.5980370704443,-0.650916089646343,0
-1.60244353812493,-0.640990143089587,0
-1.60678838994775,-0.631034527258066,0
-1.61107142703723,-0.621049624377163,0
-1.61529245288729,-0.611035818000446,0
-1.61945127337014,-0.600993492994992,0
-1.62354769674505,-0.590923035526648,0
-1.62758153366701,-0.580824833045232,0
-1.63155259719529,-0.570699274269682,0
-1.63546070280192,-0.560546749173143,0
-1.63930566838008,-0.550367648968001,0
-1.64308731425239,-0.540162366090858,0
-1.64680546317909,-0.529931294187458,0
-1.65045994036617,-0.519674828097542,0
-1.65405057347338,-0.509393363839677,0
-1.65757719262213,-0.499087298596001,0
-1.66103963040332,-0.488757030696935,0
-1.66443772188508,-0.478402959605837,0
-1.66777130462037,-0.468025485903601,0
-1.67104021865457,-0.45762501127321,0
-1.67424430653284,-0.447201938484234,0
-1.67738341330756,-0.436756671377282,0
-1.68045738654549,-0.4262896148484,0
-1.68346607633498,-0.415801174833426,0
-1.68640933529299,-0.40529175829229,0
-1.68928701857207,-0.394761773193272,0
-1.69209898386719,-0.38421162849721,0
-1.69484509142251,-0.373641734141663,0
-1.69752520403806,-0.363052501025027,0
-1.70013918707626,-0.352444340990609,0
-1.70268690846844,-0.341817666810649,0
-1.70516823872112,-0.331172892170309,0
-1.70758305092236,-0.320510431651609,0
-1.70993122074788,-0.309830700717322,0
-1.71221262646711,-0.29913411569484,0
-1.71442714894916,-0.288421093759969,0
-1.71657467166872,-0.277692052920723,0
-1.71865508071176,-0.266947412001036,0
-1.72066826478123,-0.256187590624474,0
-1.72261411520258,-0.245413009197873,0
-1.72449252592925,-0.234624088894968,0
-1.72630339354801,-0.223821251639961,0
-1.72804661728419,-0.21300492009107,0
-1.72972209900684,-0.202175517624025,0
-1.73132974323379,-0.19133346831555,0
-1.73286945713655,-0.180479196926785,0
-1.73434115054518,-0.169613128886689,0
-1.73574473595302,-0.158735690275413,0
-1.7370801285213,-0.147847307807619,0
-1.73834724608367,-0.136948408815795,0
-1.73954600915061,-0.126039421233513,0
-1.74067634091379,-0.115120773578671,0
-1.74173816725022,-0.104192894936697,0
-1.74273141672639,-0.0932562149437311,0
-1.74365602060225,-0.0823111637697655,0
-1.74451191283512,-0.0713581721017696,0
-1.74529903008348,-0.0603976711267791,0
-1.74601731171064,-0.04943009251496,0
-1.74666669978829,-0.0384558684026463,0
-1.74724713910004,-0.0274754313753509,0
-1.74775857714472,-0.0164892144507556,0
-1.74820096413964,-0.00549765106166479,0
-1.7485742530238,0.0054988249610457,0
-1.74887839946083,0.0164997794055257,0
-1.74911336184204,0.027504777696047,0
-1.74927910128914,0.0385133849101419,0
-1.74937558165705,0.04952516579575,0
-1.74940276953644,0.0605396847883905,0
-1.74936063425629,0.0715565060283531,0
-1.74924914788624,0.0825751933779094,0
-1.74906828523893,0.0935953104385405,0
-1.74881802387212,0.104616420568185,0
-1.7484983440908,0.115638086898502,0
-1.74810922894916,0.126659872352152,0
-1.74765066425241,0.137681339660093,0
-1.74712263855855,0.148702051378891,0
-1.74652514318001,0.159721569908045,0
-1.74585817218515,0.170739457507328,0
-1.74512172239971,0.18175527631414,0
-1.74431579340811,0.192768588360869,0
-1.74344038755462,0.203778955592272,0
-1.7424955099445,0.214785939882856,0
-1.74148116844495,0.225789103054282,0
-1.74039737368598,0.23678800689277,0
-1.73924413906119,0.247782213166512,0
-1.73802148072839,0.2587712836431,0
-1.73672941761019,0.269754780106957,0
-1.73536797139439,0.280732264376773,0
-1.73393716653431,0.291703298322954,0
-1.73243703024902,0.302667443885065,0
-1.73086759252342,0.313624263089298,0
-1.72922888610826,0.324573318065913,0
-1.72752094651997,0.335514171066715,0
-1.7257438120405,0.346446384482513,0
-1.72389752371692,0.357369520860587,0
-1.72198212536102,0.368283142922155,0
-1.7199976635487,0.379186813579845,0
-1.71794418761934,0.390080095955162,0
-1.71582174967502,0.400962553395953,0
-1.71363040457959,0.411833749493879,0
-1.71137020995771,0.422693248101871,0
-1.70904122619373,0.433540613351602,0
-1.70664351643043,0.444375409670932,0
-1.70417714656775,0.455197201801372,0
-1.70164218526131,0.466005554815522,0
-1.69903870392084,0.476800034134525,0
-1.69636677670858,0.487580205545492,0
-1.69362648053742,0.498345635218935,0
-1.69081789506909,0.509095889726193,0
-1.68794110271213,0.519830536056837,0
-1.68499618861979,0.530549141636077,0
-1.68198324068781,0.541251274342153,0
-1.6789023495521,0.551936502523726,0
-1.67575360858633,0.562604395017234,0
-1.67253711389932,0.57325452116427,0
-1.66925296433246,0.583886450828911,0
-1.66590126145689,0.594499754415068,0
-1.66248210957063,0.605094002883792,0
-1.65899561569564,0.615668767770586,0
-1.65544188957466,0.626223621202691,0
-1.65182104366806,0.636758135916363,0
-1.6481331931505,0.647271885274121,0
-1.64437845590748,0.657764443281994,0
-1.64055695253188,0.668235384606738,0
-1.63666880632023,0.678684284593033,0
-1.63271414326903,0.689110719280673,0
-1.62869309207084,0.699514265421719,0
-1.62460578411032,0.709894500497645,0
-1.62045235346019,0.720251002736451,0
-1.61623293687698,0.730583351129767,0
-1.61194767379678,0.740891125449915,0
-1.6075967063308,0.75117390626697,0
-1.60318017926089,0.761431274965774,0
-1.59869824003489,0.771662813762941,0
-1.59415103876192,0.78186810572383,0
-1.58953872820753,0.792046734779492,0
-1.58486146378875,0.802198285743587,0
-1.58011940356905,0.812322344329278,0
-1.57531270825315,0.822418497166095,0
-1.57044154118179,0.832486331816765,0
-1.56550606832634,0.84252543679402,0
-1.56050645828329,0.852535401577367,0
-1.5554428822687,0.862515816629832,0
-1.55031551411245,0.872466273414666,0
-1.54512453025252,0.882386364412027,0
-1.53987010972898,0.892275683135619,0
-1.53455243417806,0.902133824149305,0
-1.52917168782596,0.911960383083677,0
-1.52372805748268,0.921754956652602,0
-1.51822173253564,0.931517142669718,0
-1.51265290494327,0.941246540064906,0
-1.50702176922845,0.950942748900712,0
-1.50132852247186,0.960605370388748,0
-1.49557336430526,0.970234006906033,0
-1.48975649690457,0.979828262011313,0
-1.48387812498296,0.989387740461329,0
-1.47793845578377,0.998912048227053,0
-1.47193769907332,1.00840079250987,0
-1.46587606713366,1.01785358175774,0
-1.45975377475517,1.02727002568129,0
-1.45357103922912,1.03664973526986,0
-1.44732808034003,1.04599232280758,0
-1.44102512035804,1.05529740188928,0
-1.43466238403106,1.06456458743643,0
-1.42824009857696,1.07379349571305,0
-1.42175849367549,1.08298374434152,0
-1.41521780146027,1.09213495231838,0
-1.40861825651052,1.10124674003004,0
-1.40196009584283,1.11031872926852,0
-1.39524355890272,1.11935054324704,0
-1.38846888755615,1.12834180661566,0
-1.38163632608095,1.13729214547677,0
-1.37474612115809,1.14620118740062,0
-1.36779852186291,1.15506856144074,0
-1.36079377965622,1.16389389814931,0
-1.35373214837528,1.17267682959253,0
-1.34661388422474,1.18141698936587,0
-1.33943924576746,1.19011401260928,0
-1.33220849391517,1.1987675360224,0
-1.32492189191914,1.20737719787965,0
-1.31757970536065,1.21594263804526,0
-1.31018220214146,1.22446349798831,0
-1.30272965247409,1.23293942079767,0
-1.29522232887208,1.24137005119685,0
-1.28766050614008,1.24975503555885,0
-1.28004446136395,1.25809402192093,0
-1.27237447390063,1.26638665999927,0
-1.26465082536806,1.2746326012037,0
-1.25687379963487,1.28283149865219,0
-1.24904368281007,1.29098300718543,0
-1.24116076323259,1.29908678338128,0
-1.23322533146081,1.30714248556915,0
-1.22523768026186,1.31514977384433,0
-1.21719810460096,1.32310831008228,0
-1.2091069016306,1.33101775795281,0
-1.20096437067962,1.33887778293426,0
-1.19277081324228,1.34668805232749,0
-1.1845265329671,1.35444823526996,0
-1.17623183564575,1.36215800274966,0
-1.16788702920178,1.36981702761893,0
-1.15949242367925,1.37742498460829,0
-1.15104833123129,1.38498155034021,0
-1.1425550661086,1.39248640334269,0
-1.1340129446478,1.39993922406295,0
-1.12542228525976,1.40733969488085,0
-1.11678340841776,1.41468750012243,0
-1.10809663664567,1.42198232607324,0
-1.09936229450593,1.42922386099163,0
-1.09058070858754,1.43641179512205,0
-1.08175220749387,1.44354582070815,0
-1.07287712183051,1.45062563200588,0
-1.06395578419288,1.45765092529651,0
-1.0549885291539,1.46462139889956,0
-1.04597569325148,1.47153675318567,0
-1.03691761497598,1.47839669058936,0
-1.02781463475754,1.48520091562177,0
-1.01866709495337,1.49194913488325,0
-1.00947533983496,1.49864105707596,0
-1.00023971557514,1.50527639301628,0
-0.990960570235167,1.51185485564727,0
-0.981638253751625,1.51837616005094,0
-0.972273117923322,1.52484002346052,0
-0.962865516398065,1.53124616527256,0
-0.953415804659375,1.53759430705906,0
-0.943924340013116,1.54388417257944,0
-0.934391481574041,1.55011548779243,0
-0.924817590252272,1.55628798086793,0
-0.9152030287397,1.56240138219873,0
-0.905548161496297,1.56845542441217,0
-0.895853354736366,1.57444984238175,0
-0.8861189764147,1.58038437323857,0
-0.876345396212698,1.58625875638276,0
-0.866532985524355,1.59207273349483,0
-0.856682117442223,1.59782604854684,0
-0.84679316674328,1.60351844781361,0
-0.836866509874728,1.60914967988374,0
-0.826902524939712,1.6147194956706,0
-0.81690159168298,1.62022764842324,0
-0.806864091476468,1.62567389373711,0
-0.796790407304799,1.63105798956487,0
-0.786680923750735,1.63637969622692,0
-0.776536026980538,1.64163877642198,0
-0.76635610472929,1.64683499523752,0
-0.7561415462861,1.65196812016009,0
-0.74589274247929,1.6570379210856,0
-0.735610085661479,1.66204417032946,0
-0.725293969694629,1.66698664263666,0
-0.71494478993499,1.67186511519178,0
-0.704562943218008,1.67667936762884,0
-0.694148827843165,1.68142918204109,0
-0.683702843558732,1.68611434299074,0
-0.673225391546481,1.69073463751855,0
-0.662716874406326,1.69528985515334,0
-0.652177696140903,1.69977978792141,0
-0.641608262140079,1.70420423035584,0
-0.631008979165407,1.70856297950575,0
-0.620380255334518,1.7128558349454,0
-0.609722500105463,1.71708259878323,0
-0.599036124260969,1.72124307567079,0
-0.588321539892659,1.72533707281159,0
-0.577579160385209,1.7293643999698,0
-0.566809400400438,1.73332486947895,0
-0.556012675861348,1.73721829625043,0
-0.545189403936102,1.74104449778191,0
-0.53434000302196,1.74480329416575,0
-0.523464892729133,1.74849450809719,0
-0.512564493864605,1.7521179648825,0
-0.501639228415888,1.75567349244704,0
-0.490689519534743,1.75916092134319,0
-0.479715791520808,1.76258008475817,0
-0.468718469805214,1.76593081852182,0
-0.457697980934131,1.76921296111421,0
-0.446654752552266,1.77242635367316,0
-0.435589213386301,1.77557084000169,0
-0.424501793228294,1.77864626657536,0
-0.41339292291903,1.78165248254947,0
-0.402263034331314,1.78458933976617,0
-0.391112560353218,1.78745669276151,0
-0.379941934871289,1.79025439877235,0
-0.368751592753705,1.79298231774312,0
-0.357541969833377,1.79564031233259,0
-0.346313502891019,1.79822824792041,0
-0.335066629638168,1.80074599261363,0
-0.323801788700157,1.80319341725307,0
-0.312519419599041,1.80557039541963,0
-0.301219962736494,1.80787680344041,0
-0.289903859376652,1.81011252039484,0
-0.27857155162892,1.81227742812058,0
-0.267223482430728,1.8143714112194,0
-0.255860095530265,1.81639435706293,0
-0.244481835469157,1.81834615579826,0
-0.233089147565116,1.82022670035351,0
-0.221682477894541,1.82203588644323,0
-0.210262273275099,1.82377361257372,0
-0.198828981248248,1.82543978004819,0
-0.187383050061737,1.82703429297191,0
-0.175924928652066,1.82855705825715,0
-0.164455066626919,1.83000798562809,0
-0.152973914247553,1.83138698762554,0
-0.141481922411148,1.83269397961161,0
-0.129979542633153,1.83392887977427,0
-0.118467227029561,1.83509160913175,0
-0.106945428299187,1.8361820915369,0
-0.0954145997058909,1.83720025368135,0
-0.0838751950607882,1.83814602509964,0
-0.0723276687044143,1.83901933817321,0
-0.060772475488881,1.83982012813424,0
-0.0492100707599815,1.84054833306947,0
-0.0376409103392914,1.84120389392378,0
-0.0260654505062278,1.84178675450379,0
-0.0144841479800827,1.84229686148125,0
-0.00289745990204692,1.84273416439635,0
0.00869415618281356,1.84309861566097,0
0.0202902423435798,1.84339017056169,0
0.0318903402815503,1.84360878726282,0
0.0434939913483083,1.84375442680923,0
0.0551007365638352,1.84382705312914,0
0.0667101166346207,1.84382663303669,0
0.0783216719718169,1.84375313623451,0
0.0899349427093869,1.84360653531609,0
0.101549468722298,1.8433868057681,0
0.113164789644708,1.84309392597256,0
0.124780444888185,1.84272787720886,0
0.136395973659943,1.84228864365579,0
0.14801091498108,1.8417762123933,0
0.159624807704848,1.84119057340424,0
0.171237190534922,1.84053171957597,0
0.182847602043702,1.83979964670186,0
0.194455580690597,1.83899435348263,0
0.206060664840361,1.83811584152763,0
0.2176623927814,1.83716411535597,0
0.229260302744126,1.83613918239756,0
0.240853932919287,1.83504105299403,0
0.252442821476334,1.83386974039948,0
0.264026506581787,1.83262526078122,0
0.275604526417598,1.83130763322028,0
0.287176419199536,1.8299168797119,0
0.29874172319557,1.82845302516584,0
0.310299976744262,1.8269160974066,0
0.321850718273166,1.82530612717351,0
0.333393486317216,1.82362314812075,0
0.34492781953714,1.82186719681719,0
0.356453256737866,1.82003831274613,0
0.367969336886922,1.81813653830496,0
0.379475599132848,1.81616191880468,0
0.39097158282361,1.81411450246929,0
0.402456827525005,1.81199434043507,0
0.413930873039064,1.80980148674979,0
0.425393259422467,1.8075359983717,0
0.43684352700494,1.80519793516854,0
0.448281216407662,1.8027873599163,0
0.459705868561652,1.80030433829798,0
0.471117024726163,1.79774893890212,0
0.482514226507077,1.79512123322132,0
0.493897015875278,1.79242129565059,0
0.505264935185015,1.78964920348555,0
0.516617527192287,1.78680503692061,0
0.527954335073188,1.78388887904693,0
0.539274902442254,1.78090081585036,0
0.550578773370802,1.77784093620917,0
0.561865492405263,1.77470933189171,0
0.573134604585492,1.771506097554,0
0.58438565546307,1.7682313307371,0
0.595618191119597,1.76488513186447,0
0.606831758184973,1.76146760423911,0
0.618025903855661,1.75797885404071,0
0.629200175912921,1.75441899032254,0
0.640354122741061,1.75078812500834,0
0.651487293345644,1.74708637288904,0
0.66259923737169,1.74331385161939,0
0.673689505121842,1.73947068171444,0
0.684757647574551,1.73555698654593,0
0.695803216402203,1.73157289233858,0
0.706825763989243,1.7275185281662,0
0.717824843450279,1.7233940259478,0
0.728800008648162,1.71919952044344,0
0.739750814212046,1.71493514925008,0
0.750676815555405,1.71060105279727,0
0.761577568894071,1.70619737434275,0
0.772452631264199,1.70172425996786,0
0.783301560540239,1.69718185857295,0
0.794123915452855,1.69257032187259,0
0.804919255606855,1.68788980439068,0
0.815687141499056,1.68314046345551,0
0.826427134536142,1.6783224591946,0
0.83713879705248,1.67343595452951,0
0.847821692327925,1.66848111517049,0
0.858475384605579,1.66345810961107,0
0.869099439109515,1.65836710912248,0
0.879693422062491,1.65320828774796,0
0.89025690070361,1.64798182229701,0
0.900789443305961,1.64268789233949,0
0.911290619194204,1.63732668019957,0
0.921759998762158,1.63189837094968,0
0.932197153490319,1.62640315240421,0
0.942601655963357,1.62084121511322,0
0.952973079887571,1.61521275235592,0
0.963311000108319,1.60951796013418,0
0.973614992627391,1.60375703716578,0
0.983884634620354,1.59793018487769,0
0.994119504453859,1.59203760739909,0
1.0043191817029,1.58607951155442,0
1.01448324716805,1.58005610685626,0
1.02461128289261,1.57396760549805,0
1.03470287217978,1.56781422234678,0
1.04475759960974,1.56159617493557,0
1.05477505105671,1.55531368345604,0
1.06475481370594,1.5489669707507,0
1.07469647607067,1.54255626230515,0
1.08459962800908,1.5360817862402,0
1.09446386074112,1.52954377330387,0
1.10428876686534,1.52294245686329,0
1.11407394037569,1.51627807289649,0
1.1238189766782,1.50955085998408,0
1.13352347260769,1.50276105930085,0
1.14318702644439,1.49590891460721,0
1.1528092379305,1.48899467224055,0
1.16238970828672,1.48201858110651,0
1.17192804022874,1.47498089267015,0
1.18142383798361,1.46788186094696,0
1.19087670730616,1.4607217424938,0
1.20028625549528,1.45350079639977,0
1.20965209141018,1.44621928427691,0
1.21897382548658,1.43887747025084,0
1.22825106975289,1.43147562095126,0
1.23748343784625,1.4240140055024,0
1.24667054502858,1.41649289551332,0
1.25581200820258,1.4089125650681,0
1.26490744592758,1.40127329071599,0
1.27395647843545,1.39357535146139,0
1.28295872764637,1.38581902875377,0
1.29191381718456,1.37800460647746,0
1.30082137239396,1.37013237094134,0
1.30968102035382,1.3622026108685,0
1.31849238989426,1.35421561738567,0
1.32725511161178,1.34617168401266,0
1.33596881788462,1.33807110665167,0
1.34463314288814,1.32991418357644,0
1.35324772261014,1.32170121542143,0
1.36181219486602,1.31343250517076,0
1.370326199314,1.30510835814715,0
1.37878937747017,1.29672908200071,0
1.3872013727235,1.28829498669769,0
1.39556183035084,1.27980638450903,0
1.40387039753177,1.27126358999893,0
1.4121267233634,1.26266692001328,0
1.42033045887514,1.25401669366793,0
1.42848125704339,1.24531323233697,0
1.43657877280607,1.23655685964087,0
1.44462266307724,1.22774790143448,0
1.45261258676146,1.21888668579502,0
1.46054820476827,1.20997354300991,0
1.46842918002642,1.20100880556455,0
1.47625517749813,1.19199280812996,0
1.48402586419327,1.18292588755042,0
1.49174090918341,1.17380838283088,0
1.49939998361585,1.1646406351244,0
1.50700276072754,1.15542298771944,0
1.51454891585893,1.14615578602708,0
1.52203812646773,1.13683937756814,0
1.52947007214265,1.12747411196022,0
1.53684443461695,1.11806034090463,0
1.54416089778205,1.10859841817328,0
1.55141914770091,1.0990886995954,0
1.55861887262147,1.08953154304427,0
1.56575976298989,1.0799273084238,0
1.57284151146381,1.07027635765503,0
1.57986381292542,1.06057905466255,0
1.58682636449456,1.05083576536085,0
1.59372886554164,1.04104685764059,0
1.60057101770055,1.03121270135473,0
1.60735252488142,1.02133366830463,0
1.61407309328335,1.01141013222608,0
1.620732431407,1.00144246877517,0
1.62733025006717,0.991431055514159,0
1.6338662624052,0.981376271897228,0
1.64034018390136,0.971278499256147,0
1.64675173238709,0.961138120785868,0
1.65310062805722,0.950955521530038,0
1.65938659348202,0.940731088366441,0
1.66560935361925,0.930465209992344,0
1.67176863582603,0.920158276909773,0
1.67786416987068,0.909810681410718,0
1.68389568794446,0.899422817562251,0
1.6898629246732,0.888995081191567,0
1.69576561712882,0.878527869870954,0
1.70160350484084,0.868021582902691,0
1.70737632980769,0.85747662130386,0
1.71308383650801,0.846893387791085,0
1.7187257719118,0.836272286765211,0
1.72430188549151,0.825613724295894,0
1.72981192923301,0.814918108106125,0
1.73525565764652,0.80418584755668,0
1.74063282777731,0.793417353630497,0
1.74594319921652,0.782613038916998,0
1.75118653411163,0.771773317596306,0
1.75636259717705,0.760898605423426,0
1.76147115570449,0.749989319712348,0
1.76651197957325,0.739045879320068,0
1.77148484126045,0.728068704630554,0
1.77638951585111,0.717058217538641,0
1.78122578104819,0.706014841433862,0
1.78599341718246,0.694939001184211,0
1.7906922072223,0.683831123119835,0
1.79532193678345,0.672691635016667,0
1.79988239413857,0.661520966080004,0
1.80437337022675,0.650319546927998,0
1.80879465866291,0.639087809575103,0
1.81314605574709,0.627826187415452,0
1.81742736047365,0.616535115206187,0
1.82163837454037,0.605215029050693,0
1.82577890235737,0.593866366381811,0
1.82984875105608,0.58248956594497,0
1.83384773049796,0.571085067781264,0
1.83777565328317,0.559653313210466,0
1.84163233475914,0.548194744813992,0
1.84541759302904,0.536709806417816,0
1.84913124896012,0.525198943075293,0
1.85277312619197,0.513662601049973,0
1.85634305114463,0.502101227798321,0
1.85984085302662,0.490515271952416,0
1.86326636384291,0.478905183302561,0
1.86661941840267,0.467271412779868,0
1.86989985432704,0.455614412438774,0
1.87310751205666,0.443934635439525,0
1.87624223485921,0.432232536030576,0
1.87930386883676,0.420508569530971,0
1.88229226293304,0.408763192312667,0
1.88520726894063,0.396996861782792,0
1.88804874150794,0.385210036365872,0
1.89081653814622,0.373403175486003,0
1.89351051923634,0.36157673954899,0
1.89613054803551,0.349731189924408,0
1.89867649068388,0.337866988927647,0
1.90114821621107,0.325984599801907,0
1.90354559654246,0.314084486700136,0
1.90586850650554,0.302167114666932,0
1.90811682383602,0.290232949620407,0
1.91029042918388,0.278282458334005,0
1.91238920611927,0.266316108418274,0
1.91441304113834,0.254334368302601,0
1.91636182366896,0.242337707216907,0
1.91823544607625,0.230326595173316,0
1.92003380366807,0.21830150294775,0
1.92175679470039,0.206262902061525,0
1.92340432038249,0.194211264762888,0
1.92497628488211,0.182147064008527,0
1.92647259533045,0.170070773445035,0
1.92789316182703,0.157982867390347,0
1.92923789744451,0.14588382081515,0
1.93050671823331,0.13377410932424,0
1.93169954322616,0.121654209137863,0
1.93281629444253,0.109524597073011,0
1.93385689689292,0.097385750524707,0
1.93482127858305,0.0852381474472356,0
1.93570937051797,0.0730822663353531,0
1.93652110670593,0.0609185862054784,0
1.9372564241623,0.0487475865768427,0
1.93791526291323,0.0365697474526117,0
1.93849756599926,0.0243855493009891,0
1.93900327947883,0.012195473036293,0
1.93943235243159,4.75023924513633e-16,0
