0.3920030867381,0.433383588314732,0
0.392005305810941,0.432129912989848,0
0.392011958514312,0.430880021947868,0
0.392023038075489,0.429633910121231,0
0.392038537721748,0.428391572442374,0
0.392058450680363,0.427153003843733,0
0.39208277017861,0.425918199257748,0
0.392111489443764,0.424687153616854,0
0.3921446017031,0.42345986185349,0
0.392182100183893,0.422236318900092,0
0.392223978113419,0.421016519689099,0
0.392270228718953,0.419800459152947,0
0.392320845227771,0.418588132224074,0
0.392375820867146,0.417379533834917,0
0.392435148864355,0.416174658917914,0
0.392498822446673,0.414973502405501,0
0.392566834841375,0.413776059230117,0
0.392639179275737,0.412582324324199,0
0.392715848977033,0.411392292620184,0
0.392796837172538,0.410205959050509,0
0.392882137089529,0.409023318547612,0
0.392971741955279,0.40784436604393,0
0.393065644997066,0.406669096471901,0
0.393163839442163,0.405497504763962,0
0.393266318517845,0.40432958585255,0
0.393373075451389,0.403165334670103,0
0.393484103470069,0.402004746149058,0
0.393599395801161,0.400847815221853,0
0.393718945671939,0.399694536820924,0
0.39384274630968,0.39854490587871,0
0.393970790941658,0.397398917327647,0
0.394103072795148,0.396256566100173,0
0.394239585097426,0.395117847128725,0
0.394380321075767,0.393982755345742,0
0.394525273957446,0.392851285683659,0
0.394674436969738,0.391723433074915,0
0.394827803339919,0.390599192451946,0
0.394985366295264,0.389478558747191,0
0.395147119063048,0.388361526893087,0
0.395313054870547,0.38724809182207,0
0.395483166945034,0.386138248466579,0
0.395657448513787,0.385031991759051,0
0.39583589280408,0.383929316631922,0
0.396018493043188,0.382830218017631,0
0.396205242458386,0.381734690848615,0
0.39639613427695,0.380642730057311,0
0.396591161726155,0.379554330576157,0
0.396790318033276,0.37846948733759,0
0.396993596425588,0.377388195274047,0
0.397200990130367,0.376310449317966,0
0.397412492374888,0.375236244401784,0
0.397628096386426,0.374165575457939,0
0.397847795392256,0.373098437418867,0
0.398071582619654,0.372034825217007,0
0.398299451295894,0.370974733784795,0
0.398531394648252,0.369918158054669,0
0.398767405904004,0.368865092959066,0
0.399007478290424,0.367815533430425,0
0.399251605034788,0.366769474401181,0
0.39949977936437,0.365726910803773,0
0.399751994506447,0.364687837570638,0
0.400008243688293,0.363652249634213,0
0.400268520137184,0.362620141926936,0
0.400532817080394,0.361591509381243,0
0.400801127745199,0.360566346929573,0
0.401073445358875,0.359544649504363,0
0.401349763148696,0.35852641203805,0
0.401630074341938,0.357511629463071,0
0.401914372165876,0.356500296711865,0
0.402202649847785,0.355492408716867,0
0.40249490061494,0.354487960410516,0
0.402791117694617,0.353486946725249,0
0.403091294314091,0.352489362593504,0
0.403395423700637,0.351495202947717,0
0.40370349908153,0.350504462720327,0
0.404015513684046,0.349517136843769,0
0.40433146073546,0.348533220250483,0
0.404651333463046,0.347552707872905,0
0.404975125094081,0.346575594643473,0
0.405302828855839,0.345601875494624,0
0.405634437975596,0.344631545358794,0
0.405969945680627,0.343664599168423,0
0.406309345198207,0.342701031855947,0
0.406652629755611,0.341740838353804,0
0.406999792580115,0.34078401359443,0
0.407350826898994,0.339830552510263,0
0.407705725939523,0.338880450033742,0
0.408064482928977,0.337933701097302,0
0.408427091094632,0.336990300633381,0
0.408793543663762,0.336050243574418,0
0.409163833863644,0.335113524852848,0
0.409537954921551,0.33418013940111,0
0.40991590006476,0.333250082151641,0
0.410297662520546,0.332323348036878,0
0.410683235516184,0.331399931989259,0
0.411072612278948,0.330479828941221,0
0.411465786036115,0.329563033825201,0
0.41186275001496,0.328649541573637,0
0.412263497442757,0.327739347118966,0
0.412668021546783,0.326832445393626,0
0.413076315554312,0.325928831330053,0
0.413488372692619,0.325028499860686,0
0.41390418618898,0.324131445917961,0
0.41432374927067,0.323237664434317,0
0.414747055164964,0.32234715034219,0
0.415174097099137,0.321459898574017,0
0.415604868300465,0.320575904062237,0
0.416039361996223,0.319695161739286,0
0.416477571413686,0.318817666537603,0
0.41691948978013,0.317943413389623,0
0.417365110322829,0.317072397227785,0
0.417814426269058,0.316204612984526,0
0.418267430846094,0.315340055592284,0
0.418724117281211,0.314478719983495,0
0.419184478801684,0.313620601090598,0
0.419648508634789,0.312765693846029,0
0.420116200007801,0.311913993182225,0
0.420587546147996,0.311065494031626,0
0.421062540282647,0.310220191326666,0
0.421541175639031,0.309378079999785,0
0.422023445444423,0.308539154983419,0
0.422509342926098,0.307703411210007,0
0.422998861311332,0.306870843611984,0
0.423491993827398,0.306041447121788,0
0.423988733701574,0.305215216671858,0
0.424489074161134,0.30439214719463,0
0.424993008433352,0.303572233622542,0
0.425500529745506,0.30275547088803,0
0.426011631324869,0.301941853923533,0
0.426526306398716,0.301131377661488,0
0.427044548194324,0.300324037034332,0
0.427566349938968,0.299519826974503,0
0.428091704859921,0.298718742414437,0
0.428620606184461,0.297920778286573,0
0.429153047139862,0.297125929523347,0
0.429689020953399,0.296334191057197,0
0.430228520852347,0.295545557820561,0
0.430771540063983,0.294760024745876,0
0.43131807181558,0.293977586765579,0
0.431868109334414,0.293198238812107,0
0.432421645847761,0.292421975817898,0
0.432978674582895,0.29164879271539,0
0.433539188767092,0.290878684437019,0
0.434103181627628,0.290111645915223,0
0.434670646391776,0.28934767208244,0
0.435241576286814,0.288586757871107,0
0.435815964540015,0.28782889821366,0
0.436393804378655,0.287074088042539,0
0.436975089030009,0.286322322290179,0
0.437559811721353,0.285573595889018,0
0.438147965679961,0.284827903771494,0
0.438739544133109,0.284085240870044,0
0.439334540308073,0.283345602117106,0
0.439932947432127,0.282608982445116,0
0.440534758732546,0.281875376786513,0
0.441139967436607,0.281144780073733,0
0.441748566771583,0.280417187239214,0
0.442360549964751,0.279692593215393,0
0.442975910243385,0.278970992934709,0
0.443594640834761,0.278252381329597,0
0.444216734966154,0.277536753332495,0
0.444842185864839,0.276824103875841,0
0.445470986758092,0.276114427892073,0
0.446103130873187,0.275407720313627,0
0.4467386114374,0.274703976072941,0
0.447377421678007,0.274003190102452,0
0.448019554822281,0.273305357334598,0
0.4486650040975,0.272610472701816,0
0.449313762730937,0.271918531136544,0
0.449965823949868,0.271229527571218,0
0.450621180981568,0.270543456938277,0
0.451279827053313,0.269860314170157,0
0.451941755392378,0.269180094199296,0
0.452606959226037,0.268502791958131,0
0.453275431781567,0.2678284023791,0
0.453947166286242,0.26715692039464,0
0.454622155967338,0.266488340937189,0
0.45530039405213,0.265822658939183,0
0.455981873767893,0.265159869333061,0
0.456666588341902,0.264499967051259,0
0.457354531001433,0.263842947026215,0
0.45804569497376,0.263188804190366,0
0.45874007348616,0.26253753347615,0
0.459437659765906,0.261889129816004,0
0.460138447040276,0.261243588142366,0
0.460842428536543,0.260600903387672,0
0.461549597481983,0.259961070484361,0
0.462259947103871,0.259324084364869,0
0.462973470629482,0.258689939961634,0
0.463690161286092,0.258058632207094,0
0.464410012300976,0.257430156033685,0
0.465133016901409,0.256804506373845,0
0.465859168314666,0.256181678160012,0
0.466588459768023,0.255561666324622,0
0.467320884488755,0.254944465800114,0
0.468056435704136,0.254330071518924,0
0.468795106641443,0.25371847841349,0
0.46953689052795,0.25310968141625,0
0.470281780590933,0.25250367545964,0
0.471029770057667,0.251900455476098,0
0.471780852155427,0.251300016398062,0
0.472535020111488,0.250702353157969,0
0.473292267153126,0.250107460688256,0
0.474052586507615,0.24951533392136,0
0.474815971402232,0.24892596778972,0
0.475582415064251,0.248339357225771,0
0.476351910720948,0.247755497161953,0
0.477124451599597,0.247174382530701,0
0.477900030927474,0.246596008264454,0
0.478678641931855,0.246020369295649,0
0.479460277840014,0.245447460556723,0
0.480244931879226,0.244877276980114,0
0.481032597276768,0.244309813498258,0
0.481823267259913,0.243745065043594,0
0.482616935055938,0.243183026548559,0
0.483413593892117,0.24262369294559,0
0.484213236995726,0.242067059167124,0
0.485015857594041,0.241513120145599,0
0.485821448914335,0.240961870813452,0
0.486630004183885,0.240413306103121,0
0.487441516629966,0.239867420947043,0
0.488255979479852,0.239324210277655,0
0.48907338596082,0.238783669027395,0
0.489893729300144,0.2382457921287,0
0.4907170027251,0.237710574514008,0
0.491543199462962,0.237178011115755,0
0.492372312741007,0.236648096866379,0
0.493204335786509,0.236120826698319,0
0.494039261826744,0.23559619554401,0
0.494877084088986,0.23507419833589,0
0.495717795800511,0.234554830006397,0
0.496561390188595,0.234038085487969,0
0.497407860480512,0.233523959713041,0
0.498257199903538,0.233012447614053,0
0.499109401684947,0.232503544123441,0
0.499964459052016,0.231997244173642,0
0.500822365232019,0.231493542697095,0
0.501683113452231,0.230992434626236,0
0.502546696939929,0.230493914893502,0
0.503413108922387,0.229997978431332,0
0.504282342626879,0.229504620172162,0
0.505154391280683,0.22901383504843,0
0.506029248111072,0.228525617992573,0
0.506906906345322,0.228039963937029,0
0.507787359210708,0.227556867814235,0
0.508670599934506,0.227076324556628,0
0.50955662174399,0.226598329096646,0
0.510445417866436,0.226122876366726,0
0.51133698152912,0.225649961299305,0
0.512231305959315,0.225179578826822,0
0.513128384384299,0.224711723881712,0
0.514028210031345,0.224246391396415,0
0.514930776127729,0.223783576303366,0
0.515836075900726,0.223323273535003,0
0.516744102577612,0.222865478023765,0
0.517654849385661,0.222410184702087,0
0.51856830955215,0.221957388502408,0
0.519484476304352,0.221507084357165,0
0.520403342869544,0.221059267198795,0
0.521324902475001,0.220613931959736,0
0.522249148347998,0.220171073572424,0
0.523176073715809,0.219730686969298,0
0.524105671805711,0.219292767082795,0
0.525037935844979,0.218857308845352,0
0.525972859060887,0.218424307189406,0
0.526910434680711,0.217993757047396,0
0.527850655931727,0.217565653351757,0
0.528793516041209,0.217139991034928,0
0.529739008236432,0.216716765029346,0
0.530687125744673,0.216295970267449,0
0.531637861793205,0.215877601681673,0
0.532591209609305,0.215461654204457,0
0.533547162420248,0.215048122768237,0
0.534505713453309,0.21463700230545,0
0.535466855935762,0.214228287748535,0
0.536430583094884,0.213821974029929,0
0.537396888157949,0.213418056082069,0
0.538365764352233,0.213016528837392,0
0.539337204905011,0.212617387228336,0
0.540311203043559,0.212220626187338,0
0.54128775199515,0.211826240646835,0
0.542266844987062,0.211434225539265,0
0.543248475246568,0.211044575797066,0
0.544232636000944,0.210657286352674,0
0.545219320477466,0.210272352138527,0
0.546208521903408,0.209889768087063,0
0.547200233506046,0.209509529130718,0
0.548194448512656,0.209131630201931,0
0.549191160150511,0.208756066233138,0
0.550190361646888,0.208382832156777,0
0.551192046229061,0.208011922905285,0
0.552196207124307,0.2076433334111,0
0.553202837559899,0.207277058606659,0
0.554211930763115,0.206913093424399,0
0.555223479961227,0.206551432796758,0
0.556237478381513,0.206192071656173,0
0.557253919251247,0.205835004935082,0
0.558272795797704,0.205480227565922,0
0.559294101248159,0.205127734481129,0
0.560317828829889,0.204777520613143,0
0.561343971770167,0.204429580894399,0
0.56237252329627,0.204083910257336,0
0.563403476635472,0.203740503634391,0
0.564436825015049,0.203399355958001,0
0.565472561662275,0.203060462160603,0
0.566510679804427,0.202723817174635,0
0.567551172668779,0.202389415932535,0
0.568594033482607,0.202057253366739,0
0.569639255473186,0.201727324409685,0
0.57068683186779,0.201399623993811,0
0.571736755893696,0.201074147051553,0
0.572789020778179,0.20075088851535,0
0.573843619748513,0.200429843317638,0
0.574900546031974,0.200111006390855,0
0.575959792855838,0.199794372667438,0
0.577021353447379,0.199479937079825,0
0.578085221033872,0.199167694560453,0
0.579151388842594,0.198857640041759,0
0.580219850100818,0.198549768456181,0
0.581290598035821,0.198244074736157,0
0.582363625874878,0.197940553814123,0
0.583438926845263,0.197639200622516,0
0.584516494174252,0.197340010093775,0
0.585596321089121,0.197042977160337,0
0.586678400817144,0.196748096754639,0
0.587762726585597,0.196455363809118,0
0.588849291621755,0.196164773256212,0
0.589938089152893,0.195876320028358,0
0.591029112406286,0.195589999057993,0
0.59212235460921,0.195305805277556,0
0.59321780898894,0.195023733619483,0
0.594315468772751,0.194743779016211,0
0.595415327187918,0.194465936400179,0
0.596517377461717,0.194190200703823,0
0.597621612821423,0.19391656685958,0
0.598728026494311,0.193645029799889,0
0.599836611707655,0.193375584457187,0
0.600947361688733,0.19310822576391,0
0.602060269664818,0.192842948652497,0
0.603175328863186,0.192579748055384,0
0.604292532511112,0.192318618905009,0
0.605411873835872,0.19205955613381,0
0.606533346064739,0.191802554674224,0
0.607656942424992,0.191547609458688,0
0.608782656143903,0.191294715419639,0
0.609910480448748,0.191043867489515,0
0.611040408566803,0.190795060600754,0
0.612172433725343,0.190548289685792,0
0.613306549151642,0.190303549677067,0
0.614442748072977,0.190060835507017,0
0.615581023716622,0.189820142108078,0
0.616721369309853,0.189581464412689,0
0.617863778079945,0.189344797353286,0
0.619008243254173,0.189110135862308,0
0.620154758059812,0.18887747487219,0
0.621303315724138,0.188646809315371,0
0.622453909474426,0.188418134124288,0
0.623606532537951,0.188191444231379,0
0.624761178141988,0.187966734569081,0
0.625917839513812,0.18774400006983,0
0.6270765098807,0.187523235666065,0
0.628237182469925,0.187304436290224,0
0.629399850508763,0.187087596874742,0
0.63056450722449,0.186872712352058,0
0.631731145844381,0.186659777654609,0
0.63289975959571,0.186448787714833,0
0.634070341705753,0.186239737465166,0
0.635242885401786,0.186032621838047,0
0.636417383911083,0.185827435765912,0
0.637593830460921,0.185624174181199,0
0.638772218278573,0.185422832016346,0
0.639952540591315,0.185223404203789,0
0.641134790626423,0.185025885675966,0
0.642318961611172,0.184830271365315,0
0.643505046772836,0.184636556204272,0
0.644693039338692,0.184444735125276,0
0.645882932536014,0.184254803060763,0
0.647074719592077,0.184066754943171,0
0.648268393734158,0.183880585704938,0
0.64946394818953,0.1836962902785,0
0.65066137618547,0.183513863596295,0
0.651860670949253,0.183333300590761,0
0.653061825708153,0.183154596194335,0
0.654264833689446,0.182977745339453,0
0.655469688120408,0.182802742958555,0
0.656676382228312,0.182629583984076,0
0.657884909240436,0.182458263348455,0
0.659095262384053,0.182288775984128,0
0.66030743488644,0.182121116823533,0
0.661521419974871,0.181955280799108,0
0.662737210876621,0.18179126284329,0
0.663954800818967,0.181629057888516,0
0.665174183029182,0.181468660867223,0
0.666395350734543,0.181310066711849,0
0.667618297162324,0.181153270354832,0
0.668843015539801,0.180998266728609,0
0.670069499094249,0.180845050765616,0
0.671297741052943,0.180693617398292,0
0.672527734643158,0.180543961559074,0
0.67375947309217,0.180396078180399,0
0.674992949627254,0.180249962194704,0
0.676228157475686,0.180105608534428,0
0.677465089864739,0.179963012132007,0
0.67870374002169,0.179822167919879,0
0.679944101173814,0.17968307083048,0
0.681186166548385,0.179545715796249,0
0.682429929372681,0.179410097749623,0
0.683675382873974,0.17927621162304,0
0.684922520279541,0.179144052348935,0
0.686171334816657,0.179013614859748,0
0.687421819712598,0.178884894087915,0
0.688673968194638,0.178757884965874,0
0.689927773490052,0.178632582426062,0
0.691183228826116,0.178508981400916,0
0.692440327430106,0.178387076822875,0
0.693699062529295,0.178266863624374,0
0.69495942735096,0.178148336737852,0
0.696221415122376,0.178031491095746,0
0.697485019070818,0.177916321630494,0
0.698750232423561,0.177802823274532,0
0.700017048407881,0.177690990960298,0
0.701285460251052,0.17758081962023,0
0.702555461180351,0.177472304186764,0
0.70382704442305,0.177365439592339,0
0.705100203206428,0.177260220769391,0
0.706374930757758,0.177156642650358,0
0.707651220304317,0.177054700167678,0
0.708929065073378,0.176954388253788,0
0.710208458292217,0.176855701841124,0
0.71148939318811,0.176758635862125,0
0.712771862988332,0.176663185249228,0
0.714055860920158,0.17656934493487,0
0.715341380210863,0.176477109851489,0
0.716628414087722,0.176386474931521,0
0.717916955778011,0.176297435107405,0
0.719206998509004,0.176209985311578,0
0.720498535507978,0.176124120476477,0
0.721791560002208,0.176039835534539,0
0.723086065218968,0.175957125418202,0
0.724382044385533,0.175875985059904,0
0.72567949072918,0.175796409392081,0
0.726978397477183,0.175718393347171,0
0.728278757856817,0.175641931857611,0
0.729580565095358,0.175567019855839,0
0.730883812420081,0.175493652274293,0
0.732188493058262,0.175421824045408,0
0.733494600237174,0.175351530101624,0
0.734802127184095,0.175282765375377,0
0.736111067126298,0.175215524799104,0
0.737421413291059,0.175149803305244,0
0.738733158905654,0.175085595826232,0
0.740046297197356,0.175022897294508,0
0.741360821393444,0.174961702642508,0
0.742676724721189,0.174902006802669,0
0.743994000407869,0.174843804707429,0
0.745312641680759,0.174787091289225,0
0.746632641767133,0.174731861480495,0
0.747953993894267,0.174678110213676,0
0.749276691289436,0.174625832421205,0
0.750600727179916,0.17457502303552,0
0.751926094792981,0.174525676989058,0
0.753252787355907,0.174477789214257,0
0.75458079809597,0.174431354643553,0
0.755910120240443,0.174386368209385,0
0.757240747016603,0.17434282484419,0
0.758572671651724,0.174300719480404,0
0.759905887373083,0.174260047050466,0
0.761240387407954,0.174220802486812,0
0.762576164983612,0.174182980721881,0
0.763913213327333,0.174146576688109,0
0.765251525666392,0.174111585317934,0
0.766591095228064,0.174078001543793,0
0.767931915239624,0.174045820298124,0
0.769273978928348,0.174015036513364,0
0.770617279521511,0.17398564512195,0
0.771961810246388,0.173957641056321,0
0.773307564330254,0.173931019248912,0
0.774654535000384,0.173905774632161,0
0.776002715484055,0.173881902138507,0
0.777352099008539,0.173859396700386,0
0.778702678801115,0.173838253250235,0
0.780054448089055,0.173818466720493,0
0.781407400099637,0.173800032043596,0
0.782761528060134,0.173782944151981,0
0.784116825197822,0.173767197978087,0
0.785473284739977,0.17375278845435,0
0.786830899913873,0.173739710513209,0
0.788189663946786,0.173727959087099,0
0.789549570065991,0.173717529108459,0
0.790910611498763,0.173708415509726,0
0.792272781472378,0.173700613223338,0
0.79363607321411,0.173694117181731,0
0.795000479951235,0.173688922317344,0
0.796365994911029,0.173685023562613,0
0.797732611320766,0.173682415849975,0
0.799100322407721,0.173681094111869,0
0.80046912139917,0.173681053280732,0
0.801839001522388,0.173682288289001,0
0.803209956004651,0.173684794069113,0
0.804581978073233,0.173688565553506,0
0.80595506095541,0.173693597674617,0
0.807329197878457,0.173699885364884,0
0.808704382069649,0.173707423556743,0
0.810080606756261,0.173716207182633,0
0.811457865165569,0.173726231174991,0
0.812836150524848,0.173737490466253,0
0.814215456061373,0.173749979988858,0
0.81559577500242,0.173763694675243,0
0.816977100575263,0.173778629457845,0
0.818359426007178,0.173794779269101,0
0.81974274452544,0.173812139041449,0
0.821127049357324,0.173830703707327,0
0.822512333730106,0.173850468199171,0
0.82389859087106,0.173871427449419,0
0.825285814007463,0.173893576390509,0
0.826673996366588,0.173916909954877,0
0.828063131175712,0.173941423074962,0
0.82945321166211,0.1739671106832,0
0.830844231053056,0.173993967712029,0
0.832236182575827,0.174021989093886,0
0.833629059457697,0.174051169761209,0
0.835022854925941,0.174081504646435,0
0.836417562207835,0.174112988682001,0
0.837813174530655,0.174145616800346,0
0.839209685121674,0.174179383933905,0
0.840607087208169,0.174214285015117,0
0.842005374017415,0.174250314976419,0
0.843404538776686,0.174287468750248,0
0.844804574713259,0.174325741269042,0
0.846205475054408,0.174365127465238,0
0.847607233027409,0.174405622271273,0
0.849009841859536,0.174447220619585,0
0.850413294778066,0.174489917442611,0
0.851817585010273,0.174533707672789,0
0.853222705783432,0.174578586242555,0
0.85462865032482,0.174624548084348,0
0.85603541186171,0.174671588130605,0
0.857442983621378,0.174719701313763,0
0.8588513588311,0.174768882566259,0
0.860260530718151,0.174819126820531,0
0.861670492509805,0.174870429009016,0
0.863081237433339,0.174922784064152,0
0.864492758716026,0.174976186918375,0
0.865905049585144,0.175030632504124,0
0.867318103267966,0.175086115753836,0
0.868731912991769,0.175142631599947,0
0.870146471983826,0.175200174974896,0
0.871561773471414,0.17525874081112,0
0.872977810681808,0.175318324041056,0
0.874394576842283,0.175378919597142,0
0.875812065180114,0.175440522411814,0
0.877230268922576,0.175503127417511,0
0.878649181296945,0.175566729546669,0
0.880068795530496,0.175631323731727,0
0.881489104850504,0.175696904905121,0
0.882910102484245,0.175763467999289,0
0.884331781658993,0.175831007946668,0
0.885754135602023,0.175899519679695,0
0.887177157540612,0.175968998130809,0
0.888600840702034,0.176039438232445,0
0.890025178313564,0.176110834917043,0
0.891450163602479,0.176183183117038,0
0.892875789796052,0.176256477764869,0
0.894302050121559,0.176330713792973,0
0.895728937806275,0.176405886133787,0
0.897156446077477,0.176481989719749,0
0.898584568162438,0.176559019483295,0
0.900013297288434,0.176636970356864,0
0.90144262668274,0.176715837272892,0
0.902872549572632,0.176795615163818,0
0.904303059185385,0.176876298962078,0
0.905734148748274,0.17695788360011,0
0.907165811488574,0.177040364010351,0
0.90859804063356,0.177123735125238,0
0.910030829410508,0.17720799187721,0
0.911464171046693,0.177293129198703,0
0.91289805876939,0.177379142022154,0
0.914332485805875,0.177466025280002,0
0.915767445383422,0.177553773904683,0
0.917202930729307,0.177642382828635,0
0.918638935070805,0.177731846984295,0
0.920075451635191,0.177822161304101,0
0.92151247364974,0.177913320720489,0
0.922949994341729,0.178005320165898,0
0.924388006938431,0.178098154572765,0
0.925826504667123,0.178191818873527,0
0.927265480755079,0.178286308000621,0
0.928704928429575,0.178381616886485,0
0.930144840917885,0.178477740463556,0
0.931585211447286,0.178574673664272,0
0.933026033245052,0.17867241142107,0
0.934467299538458,0.178770948666387,0
0.935909003554781,0.178870280332661,0
0.937351138521294,0.178970401352329,0
0.938793697665274,0.179071306657828,0
0.940236674213995,0.179172991181596,0
0.941680061394733,0.179275449856071,0
0.943123852434762,0.179378677613688,0
0.944568040561359,0.179482669386887,0
0.946012619001799,0.179587420108105,0
0.947457580983355,0.179692924709778,0
0.948902919733305,0.179799178124344,0
0.950348628478923,0.17990617528424,0
0.951794700447484,0.180013911121905,0
0.953241128866264,0.180122380569774,0
0.954687906962537,0.180231578560287,0
0.95613502796358,0.180341500025879,0
0.957582485096667,0.180452139898988,0
0.959030271589073,0.180563493112052,0
0.960478380668073,0.180675554597509,0
0.961926805560944,0.180788319287795,0
0.96337553949496,0.180901782115347,0
0.964824575697396,0.181015938012604,0
0.966273907395528,0.181130781912002,0
0.967723527816631,0.18124630874598,0
0.96917343018798,0.181362513446974,0
0.97062360773685,0.181479390947421,0
0.972074053690516,0.18159693617976,0
0.973524761276254,0.181715144076427,0
0.974975723721339,0.18183400956986,0
0.976426934253047,0.181953527592496,0
0.977878386098652,0.182073693076773,0
0.979330072485429,0.182194500955127,0
0.980781986640655,0.182315946159997,0
0.982234121791603,0.18243802362382,0
0.98368647116555,0.182560728279033,0
0.98513902798977,0.182684055058073,0
0.986591785491539,0.182807998893379,0
0.988044736898133,0.182932554717386,0
0.989497875436825,0.183057717462533,0
0.990951194334892,0.183183482061257,0
0.992404686819609,0.183309843445996,0
0.99385834611825,0.183436796549186,0
0.995312165458092,0.183564336303265,0
0.996766138066409,0.183692457640671,0
0.998220257170477,0.183821155493841,0
0.999674515997571,0.183950424795211,0
1.00112890777497,0.184080260477221,0
1.00258342572994,0.184210657472306,0
1.00403806308976,0.184341610712905,0
1.00549281308171,0.184473115131455,0
1.00694766893306,0.184605165660392,0
1.00840262387109,0.184737757232155,0
1.00985767112307,0.184870884779181,0
1.01131280391628,0.185004543233908,0
1.01276801547799,0.185138727528772,0
1.01422329903548,0.18527343259621,0
1.01567864781602,0.185408653368662,0
1.01713405504689,0.185544384778563,0
1.01858951395537,0.185680621758351,0
1.02004501776873,0.185817359240463,0
1.02150055971423,0.185954592157338,0
1.02295613301917,0.186092315441411,0
1.02441173091082,0.186230524025122,0
1.02586734661644,0.186369212840906,0
1.02732297336332,0.186508376821202,0
1.02877860437873,0.186648010898446,0
1.03023423288994,0.186788110005077,0
1.03168985212424,0.186928669073531,0
1.03314545530889,0.187069683036246,0
1.03460103567117,0.187211146825659,0
1.03605658643836,0.187353055374208,0
1.03751210083773,0.18749540361433,0
1.03896757209656,0.187638186478462,0
1.04042299344212,0.187781398899042,0
1.04187835810169,0.187925035808507,0
1.04333365930254,0.188069092139295,0
1.04478889027195,0.188213562823842,0
1.04624404423719,0.188358442794587,0
1.04769911442554,0.188503726983966,0
1.04915409406427,0.188649410324418,0
1.05060897638067,0.188795487748378,0
1.05206375460199,0.188941954188286,0
1.05351842195553,0.189088804576577,0
1.05497297166855,0.189236033845691,0
1.05642739696833,0.189383636928063,0
1.05788169108215,0.189531608756131,0
1.05933584723727,0.189679944262333,0
1.06078985866098,0.189828638379106,0
1.06224371858055,0.189977686038887,0
1.06369742022326,0.190127082174114,0
1.06515095681638,0.190276821717225,0
1.06660432158719,0.190426899600655,0
1.06805750776295,0.190577310756844,0
1.06951050857096,0.190728050118228,0
1.07096331723847,0.190879112617245,0
1.07241592699278,0.191030493186331,0
1.07386833106114,0.191182186757925,0
1.07532052267084,0.191334188264464,0
1.07677249504916,0.191486492638385,0
1.07822424142337,0.191639094812125,0
1.07967575502073,0.191791989718123,0
1.08112702906854,0.191945172288814,0
1.08257805679406,0.192098637456637,0
1.08402883142457,0.19225238015403,0
1.08547934618734,0.192406395313428,0
1.08692959430966,0.192560677867271,0
1.08837956901879,0.192715222747994,0
1.089829263542,0.192870024888036,0
1.09127867110659,0.193025079219834,0
1.09272778493981,0.193180380675826,0
1.09417659826895,0.193335924188448,0
1.09562510432128,0.193491704690138,0
1.09707329632408,0.193647717113333,0
1.09852116750462,0.193803956390471,0
1.09996871109017,0.193960417453989,0
1.10141592030802,0.194117095236325,0
1.10286278838544,0.194273984669916,0
1.10430930854969,0.194431080687199,0
1.10575547402807,0.194588378220612,0
1.10720127804783,0.194745872202591,0
1.10864671383627,0.194903557565576,0
1.11009177462065,0.195061429242001,0
1.11153645362824,0.195219482164307,0
1.11298074408633,0.195377711264928,0
1.11442463922219,0.195536111476304,0
1.11586813226309,0.19569467773087,0
1.11731121643632,0.195853404961066,0
1.11875388496913,0.196012288099327,0
1.12019613108882,0.196171322078092,0
1.12163794802265,0.196330501829798,0
1.12307932899791,0.196489822286882,0
1.12452026724185,0.196649278381781,0
1.12596075598177,0.196808865046934,0
1.12740078844494,0.196968577214776,0
1.12884035785862,0.197128409817747,0
1.1302794574501,0.197288357788282,0
1.13171808044666,0.19744841605882,0
1.13315622007556,0.197608579561797,0
1.13459386956408,0.197768843229652,0
1.1360310221395,0.197929201994821,0
1.1374676710291,0.198089650789742,0
1.13890380946014,0.198250184546853,0
1.1403394306599,0.19841079819859,0
1.14177452785566,0.198571486677391,0
1.1432090942747,0.198732244915694,0
1.14464312314428,0.198893067845935,0
1.14607660769169,0.199053950400553,0
1.1475095411442,0.199214887511984,0
1.14894191672908,0.199375874112666,0
1.15037372767361,0.199536905135037,0
1.15180496720507,0.199697975511533,0
1.15323562855073,0.199859080174592,0
1.15466570493786,0.200020214056651,0
1.15609518959374,0.200181372090149,0
1.15752407574565,0.200342549207521,0
1.15895235662086,0.200503740341206,0
1.16038002544664,0.200664940423642,0
1.16180707545028,0.200826144387264,0
1.16323349985904,0.200987347164511,0
1.16465929190021,0.20114854368782,0
1.16608444480105,0.201309728889628,0
1.16750895178885,0.201470897702374,0
1.16893280609087,0.201632045058493,0
1.17035600093439,0.201793165890424,0
1.1717785295467,0.201954255130604,0
1.17320038515506,0.202115307711471,0
1.17462156098674,0.202276318565461,0
1.17604205026903,0.202437282625012,0
1.1774618462292,0.202598194822561,0
1.17888094209452,0.202759050090547,0
1.18029933109227,0.202919843361405,0
1.18171700644973,0.203080569567574,0
1.18313396139417,0.203241223641491,0
1.18455018915286,0.203401800515594,0
1.18596568295308,0.203562295122319,0
1.18738043602211,0.203722702394104,0
1.18879444158722,0.203883017263386,0
1.19020769287568,0.204043234662604,0
1.19162018311478,0.204203349524193,0
1.19303190553178,0.204363356780593,0
1.19444285335396,0.204523251364239,0
1.1958530198086,0.204683028207569,0
1.19726239812298,0.204842682243021,0
1.19867098152436,0.205002208403032,0
1.20007876324002,0.20516160162004,0
1.20148573649724,0.205320856826481,0
1.20289189452329,0.205479968954794,0
1.20429723054546,0.205638932937415,0
1.205701737791,0.205797743706783,0
1.20710540948721,0.205956396195333,0
1.20850823886135,0.206114885335504,0
1.20991021914069,0.206273206059734,0
1.21131134355253,0.206431353300458,0
1.21271160532412,0.206589321990116,0
1.21411099768275,0.206747107061144,0
1.21550951385568,0.206904703445979,0
1.21690714707021,0.207062106077059,0
1.21830389055359,0.207219309886822,0
1.21969973753311,0.207376309807705,0
1.22109468123604,0.207533100772144,0
1.22248871488966,0.207689677712578,0
1.22388183172123,0.207846035561444,0
1.22527402495805,0.208002169251179,0
1.22666528782738,0.20815807371422,0
1.22805561355649,0.208313743883006,0
1.22944499537267,0.208469174689973,0
1.23083342650318,0.208624361067558,0
1.23222090017531,0.2087792979482,0
1.23360740961632,0.208933980264335,0
1.2349929480535,0.209088402948401,0
1.23637750871412,0.209242560932835,0
1.23776108482545,0.209396449150075,0
1.23914366961477,0.209550062532558,0
1.24052525630936,0.209703396012721,0
1.24190583813648,0.209856444523002,0
1.24328540832342,0.210009202995838,0
1.24466396009745,0.210161666363666,0
1.24604148668584,0.210313829558924,0
1.24741798131588,0.21046568751405,0
1.24879343721483,0.21061723516148,0
1.25016784760997,0.210768467433652,0
1.25154120572857,0.210919379263003,0
1.25291350479792,0.211069965581971,0
1.25428473804529,0.211220221322993,0
1.25565489869794,0.211370141418507,0
1.25702397998317,0.21151972080095,0
1.25839197512823,0.211668954402758,0
1.25975887736042,0.211817837156371,0
1.26112467990699,0.211966363994224,0
1.26248937599524,0.212114529848756,0
1.26385295885242,0.212262329652403,0
1.26521542170583,0.212409758337604,0
1.26657675778273,0.212556810836795,0
1.2679369603104,0.212703482082414,0
1.26929602251611,0.212849767006898,0
1.27065393762714,0.212995660542684,0
1.27201069887077,0.213141157622211,0
1.27336629947426,0.213286253177915,0
1.2747207326649,0.213430942142234,0
1.27607399166996,0.213575219447605,0
1.27742606971672,0.213719080026465,0
1.27877696003245,0.213862518811252,0
1.28012665584442,0.214005530734404,0
1.28147515037992,0.214148110728357,0
1.28282243686621,0.214290253725549,0
1.28416850853057,0.214431954658417,0
1.28551335860028,0.2145732084594,0
1.28685698030261,0.214714010060933,0
1.28819936686484,0.214854354395455,0
1.28954051151424,0.214994236395402,0
1.29088040747809,0.215133650993213,0
1.29221904798366,0.215272593121325,0
1.29355642625823,0.215411057712174,0
1.29489253552907,0.215549039698199,0
1.29622736902346,0.215686534011837,0
1.29756091996868,0.215823535585524,0
1.29889318159199,0.2159600393517,0
1.30022414712068,0.2160960402428,0
1.30155380978202,0.216231533191262,0
1.30288216280329,0.216366513129524,0
1.30420919941175,0.216500974990023,0
1.30553491283469,0.216634913705196,0
1.30685929629938,0.216768324207481,0
1.30818234303309,0.216901201429316,0
1.30950404626311,0.217033540303136,0
1.3108243992167,0.217165335761381,0
1.31214339512115,0.217296582736487,0
1.31346102720372,0.217427276160891,0
1.31477728869169,0.217557410967032,0
1.31609217281234,0.217686982087346,0
1.31740567279294,0.21781598445427,0
1.31871778186077,0.217944413000243,0
1.3200284932431,0.218072262657701,0
1.32133780016721,0.218199528359082,0
1.32264569586037,0.218326205036824,0
1.32395217354986,0.218452287623363,0
1.32525722646296,0.218577771051137,0
1.32656084782693,0.218702650252583,0
1.32786303086906,0.218826920160139,0
1.32916376881662,0.218950575706243,0
1.33046305489688,0.219073611823331,0
1.33176088233712,0.21919602344384,0
1.33305724436462,0.219317805500209,0
1.33435213420665,0.219438952924875,0
1.33564554509048,0.219559460650275,0
1.3369374702434,0.219679323608846,0
1.33822790289267,0.219798536733025,0
1.33951683626557,0.219917094955251,0
1.34080426358937,0.220034993207961,0
1.34209017809136,0.220152226423591,0
1.34337457299881,0.22026878953458,0
1.34465744153899,0.220384677473364,0
1.34593877693917,0.220499885172381,0
1.34721857242664,0.220614407564069,0
1.34849682122867,0.220728239580864,0
1.34977351657253,0.220841376155205,0
1.35104865168549,0.220953812219528,0
1.35232221979484,0.221065542706271,0
1.35359421412785,0.221176562547871,0
1.3548646279118,0.221286866676766,0
1.35613345437395,0.221396450025393,0
1.35740068674159,0.221505307526189,0
1.35866631824198,0.221613434111593,0
1.35993034210241,0.22172082471404,0
1.36119275155016,0.221827474265969,0
1.36245353981248,0.221933377699816,0
1.36371270011667,0.22203852994802,0
1.36497022568999,0.222142925943018,0
1.36622610975973,0.222246560617247,0
1.36748034555315,0.222349428903144,0
1.36873292629753,0.222451525733147,0
1.36998384522015,0.222552846039693,0
1.37123309554828,0.222653384755219,0
1.3724806705092,0.222753136812164,0
1.37372656333018,0.222852097142963,0
1.37497076723849,0.222950260680056,0
1.37621327546142,0.223047622355878,0
1.37745408122624,0.223144177102868,0
1.37869317776022,0.223239919853463,0
1.37993055829065,0.223334845540099,0
1.38116621604478,0.223428949095216,0
1.3824001442499,0.223522225451249,0
1.38363233613329,0.223614669540636,0
1.38486278492222,0.223706276295816,0
1.38609148384396,0.223797040649224,0
1.38731842612579,0.223886957533298,0
1.38854360499499,0.223976021880477,0
1.38976701367882,0.224064228623196,0
1.39098864540458,0.224151572693895,0
1.39220849339952,0.224238049025009,0
1.39342655089093,0.224323652548976,0
1.39464281110608,0.224408378198234,0
1.39585726727225,0.22449222090522,0
1.3970699126167,0.224575175602372,0
1.39828074036673,0.224657237222126,0
1.3994897437496,0.22473840069692,0
1.40069691599258,0.224818660959192,0
1.40190225032296,0.224898012941379,0
1.40310573996801,0.224976451575918,0
1.404307378155,0.225053971795247,0
1.4055071581112,0.225130568531803,0
1.4067050730639,0.225206236718024,0
1.40790111624037,0.225280971286346,0
1.40909528086789,0.225354767169207,0
1.41028756017372,0.225427619299045,0
1.41147794738515,0.225499522608297,0
1.41266643572944,0.2255704720294,0
1.41385301843389,0.225640462494792,0
1.41503768872575,0.22570948893691,0
1.41622043983231,0.225777546288191,0
1.41740126498083,0.225844629481073,0
1.41858015739861,0.225910733447993,0
1.4197571103129,0.225975853121389,0
1.420932116951,0.226039983433698,0
1.42210517054016,0.226103119317357,0
1.42327626430767,0.226165255704804,0
1.4244453914808,0.226226387528476,0
1.42561254528683,0.22628650972081,0
1.42677771895303,0.226345617214244,0
1.42794090570668,0.226403704941215,0
1.42910209877505,0.226460767834161,0
1.43026129138542,0.226516800825519,0
1.43141847676506,0.226571798847726,0
1.43257364814126,0.22662575683322,0
1.43372679874127,0.226678669714437,0
1.43487792179239,0.226730532423817,0
1.43602701052188,0.226781339893795,0
1.43717405815701,0.226831087056809,0
1.43831905792508,0.226879768845297,0
1.43946200305334,0.226927380191696,0
1.44060288676908,0.226973916028443,0
1.44174170229957,0.227019371287976,0
1.44287844287208,0.227063740902732,0
1.4440131017139,0.227107019805148,0
1.44514567205229,0.227149202927662,0
1.44627614711453,0.227190285202711,0
1.4474045201279,0.227230261562733,0
1.44853078431967,0.227269126940165,0
1.44965493291712,0.227306876267444,0
1.45077695914752,0.227343504477008,0
1.45189685623815,0.227379006501294,0
1.45301461741628,0.22741337727274,0
1.45413023590919,0.227446611723782,0
1.45524370494415,0.227478704786858,0
1.45635501774844,0.227509651394406,0
1.45746416754934,0.227539446478863,0
1.45857114757411,0.227568084972667,0
1.45967595105004,0.227595561808254,0
1.46077857120439,0.227621871918062,0
1.46187900126445,0.227647010234528,0
1.46297723445749,0.227670971690091,0
1.46407326401079,0.227693751217186,0
1.46516708315161,0.227715343748252,0
1.46625868510724,0.227735744215727,0
1.46734806310496,0.227754947552046,0
1.46843521037202,0.227772948689648,0
1.46952012013572,0.22778974256097,0
1.47060278562333,0.22780532409845,0
1.47168320006211,0.227819688234525,0
1.47276135667936,0.227832829901631,0
1.47383724870233,0.227844744032208,0
1.47491086935832,0.227855425558691,0
1.47598221187458,0.227864869413519,0
1.4770512694784,0.227873070529128,0
1.47811803539706,0.227880023837957,0
1.47918250285782,0.227885724272442,0
1.48024466508797,0.22789016676502,0
1.48130451531478,0.22789334624813,0
1.48236204676552,0.227895257654209,0
1.48341725266747,0.227895895915694,0
