0.562581860291443,0,-0
0.563553135941867,0,0.00023415581223551
0.564523874855719,0,0.000469503616567777
0.56549407631408,0,0.000706042540919923
0.566463739598035,0,0.00094377171321507
0.567432863988667,0,0.00118269026137634
0.56840144876706,0,0.00142279731332685
0.569369493214297,0,0.00166409199698973
0.570336996611461,0,0.00190657344028809
0.571303958239636,0,0.00215024077114506
0.572270377379906,0,0.00239509311748376
0.573236253313354,0,0.00264112960722731
0.574201585321063,0,0.00288834936829883
0.575166372684117,0,0.00313675152862144
0.5761306146836,0,0.00338633521611827
0.577094310600595,0,0.00363709955871244
0.578057459716184,0,0.00388904368432706
0.579020061311453,0,0.00414216672088527
0.579982114667484,0,0.00439646779631017
0.580943619065361,0,0.0046519460385249
0.581904573786167,0,0.00490860057545257
0.582864978110986,0,0.00516643053501631
0.583824831320901,0,0.00542543504513923
0.584784132696995,0,0.00568561323374446
0.585742881520353,0,0.00594696422875512
0.586701077072058,0,0.00620948715809433
0.587658718633193,0,0.00647318114968522
0.588615805484841,0,0.0067380453314509
0.589572336908087,0,0.00700407883131449
0.590528312184013,0,0.00727128077719913
0.591483730593703,0,0.00753965029702791
0.592438591418241,0,0.00780918651872398
0.593392893938709,0,0.00807988857021046
0.594346637436192,0,0.00835175557941045
0.595299821191774,0,0.00862478667424709
0.596252444486536,0,0.0088989809826435
0.597204506601564,0,0.00917433763252279
0.59815600681794,0,0.00945085575180809
0.599106944416747,0,0.00972853446842253
0.600057318679071,0,0.0100073729102892
0.601007128885993,0,0.0102873702053313
0.601956374318597,0,0.0105685254814718
0.602905054257967,0,0.010850837866634
0.603853167985187,0,0.0111343064887409
0.604800714781339,0,0.0114189304757157
0.605747693927507,0,0.0117047089554814
0.606694104704775,0,0.0119916410559613
0.607639946394226,0,0.0122797259050783
0.608585218276944,0,0.0125689626307557
0.609529919634012,0,0.0128593503609166
0.610474049746514,0,0.0131508882234841
0.611417607895533,0,0.0134435753463813
0.612360593362152,0,0.0137374108575313
0.613303005427456,0,0.0140323938848573
0.614244843372527,0,0.0143285235562823
0.615186106478449,0,0.0146257989997295
0.616126794026305,0,0.0149242193431221
0.61706690529718,0,0.0152237837143831
0.618006439572156,0,0.0155244912414356
0.618945396132316,0,0.0158263410522029
0.619883774258746,0,0.0161293322746079
0.620821573232527,0,0.0164334640365738
0.621758792334743,0,0.0167387354660238
0.622695430846479,0,0.017045145690881
0.623631488048816,0,0.0173526938390685
0.62456696322284,0,0.0176613790385094
0.625501855649632,0,0.0179712004171267
0.626436164610278,0,0.0182821571028438
0.62736988938586,0,0.0185942482235836
0.628303029257462,0,0.0189074729072694
0.629235583506166,0,0.0192218302818241
0.630167551413057,0,0.019537319475171
0.631098932259219,0,0.0198539396152331
0.632029725325734,0,0.0201716898299337
0.632959929893686,0,0.0204905692471957
0.633889545244159,0,0.0208105769949423
0.634818570658236,0,0.0211317122010967
0.635747005417,0,0.021453973993582
0.636674848801535,0,0.0217773615003213
0.637602100092925,0,0.0221018738492376
0.638528758572253,0,0.0224275101682542
0.639454823520602,0,0.0227542695852942
0.640380294219056,0,0.0230821512282806
0.641305169948699,0,0.0234111542251366
0.642229449990613,0,0.0237412777037854
0.643153133625883,0,0.02407252079215
0.644076220135592,0,0.0244048826181535
0.644998708800823,0,0.0247383623097191
0.64592059890266,0,0.02507295899477
0.646841889722186,0,0.0254086718012291
0.647762580540485,0,0.0257454998570197
0.64868267063864,0,0.0260834422900649
0.649602159297734,0,0.0264224982282878
0.650521045798852,0,0.0267626667996114
0.651439329423077,0,0.027103947131959
0.652357009451492,0,0.0274463383532537
0.65327408516518,0,0.0277898395914185
0.654190555845226,0,0.0281344499743767
0.655106420772712,0,0.0284801686300512
0.656021679228722,0,0.0288269946863653
0.65693633049434,0,0.0291749272712421
0.657850373850648,0,0.0295239655126046
0.658763808578731,0,0.0298741085383761
0.659676633959673,0,0.0302253554764795
0.660588849274555,0,0.0305777054548382
0.661500453804463,0,0.030931157601375
0.662411446830479,0,0.0312857110440133
0.663321827633687,0,0.0316413649106761
0.66423159549517,0,0.0319981183292865
0.665140749696012,0,0.0323559704277677
0.666049289517296,0,0.0327149203340427
0.666957214240106,0,0.0330749671760348
0.667864523145526,0,0.033436110081667
0.668771215514638,0,0.0337983481788624
0.669677290628526,0,0.0341616805955442
0.670582747768274,0,0.0345261064596354
0.671487586214966,0,0.0348916248990593
0.672391805249683,0,0.0352582350417389
0.673295404153512,0,0.0356259360155973
0.674198382207533,0,0.0359947269485577
0.675100738692832,0,0.0363646069685432
0.676002472890492,0,0.0367355752034769
0.676903584081595,0,0.037107630781282
0.677804071547226,0,0.0374807728298815
0.678703934568468,0,0.0378550004771986
0.679603172426405,0,0.0382303128511564
0.680501784402119,0,0.038606709079678
0.681399769776695,0,0.0389841882906865
0.682297127831216,0,0.0393627496121051
0.683193857846765,0,0.0397423921718569
0.684089959104426,0,0.040123115097865
0.684985430885283,0,0.0405049175180525
0.685880272470418,0,0.0408877985603426
0.686774483140916,0,0.0412717573526583
0.68766806217786,0,0.0416567930229229
0.688561008862332,0,0.0420429046990593
0.689453322475418,0,0.0424300915089908
0.6903450022982,0,0.0428183525806404
0.691236047611761,0,0.0432076870419313
0.692126457697186,0,0.0435980940207867
0.693016231835557,0,0.0439895726451295
0.693905369307959,0,0.044382122042883
0.694793869395473,0,0.0447757413419702
0.695681731379186,0,0.0451704296703143
0.696568954540179,0,0.0455661861558385
0.697455538159535,0,0.0459630099264657
0.69834148151834,0,0.0463609001101192
0.699226783897675,0,0.0467598558347221
0.700111444578625,0,0.0471598762281975
0.700995462842273,0,0.0475609604184685
0.701878837969702,0,0.0479631075334582
0.702761569241996,0,0.0483663167010898
0.703643655940239,0,0.0487705870492864
0.704525097345513,0,0.049175917705971
0.705405892738903,0,0.0495823077990669
0.706286041401492,0,0.0499897564564971
0.707165542614363,0,0.0503982628061848
0.7080443956586,0,0.0508078259760531
0.708922599815286,0,0.0512184450940251
0.709800154365505,0,0.0516301192880239
0.71067705859034,0,0.0520428476859726
0.711553311770875,0,0.0524566294157945
0.712428913188193,0,0.0528714636054125
0.713303862123377,0,0.0532873493827498
0.714178157857512,0,0.0537042858757296
0.715051799671681,0,0.0541222722122749
0.715924786846966,0,0.054541307520309
0.716797118664452,0,0.0549613909277548
0.717668794405222,0,0.0553825215625355
0.71853981335036,0,0.0558046985525743
0.719410174780949,0,0.0562279210257942
0.720279877978072,0,0.0566521881101185
0.721148922222813,0,0.0570774989334701
0.722017306796256,0,0.0575038526237723
0.722885030979483,0,0.0579312483089481
0.72375209405358,0,0.0583596851169207
0.724618495299628,0,0.0587891621756132
0.725484233998711,0,0.0592196786129487
0.726349309431913,0,0.0596512335568503
0.727213720880317,0,0.0600838261352412
0.728077467625007,0,0.0605174554760445
0.728940548947067,0,0.0609521207071833
0.729802964127579,0,0.0613878209565807
0.730664712447627,0,0.0618245553521598
0.731525793188296,0,0.0622623230218438
0.732386205630667,0,0.0627011230935558
0.733245949055825,0,0.0631409546952189
0.734105022744853,0,0.0635818169547562
0.734963425978835,0,0.0640237090000909
0.735821158038854,0,0.0644666299591461
0.736678218205993,0,0.0649105789598449
0.737534605761337,0,0.0653555551301103
0.738390319985968,0,0.0658015575978656
0.73924536016097,0,0.0662485854910339
0.740099725567427,0,0.0666966379375383
0.740953415486421,0,0.0671457140653018
0.741806429199037,0,0.0675958130022477
0.742658765986358,0,0.068046933876299
0.743510425129468,0,0.0684990758153789
0.744361405909449,0,0.0689522379474104
0.745211707607386,0,0.0694064194003168
0.746061329504361,0,0.0698616193020211
0.746910270881458,0,0.0703178367804465
0.747758531019762,0,0.070775070963516
0.748606109200355,0,0.0712333209791529
0.74945300470432,0,0.0716925859552801
0.750299216812742,0,0.0721528650198209
0.751144744806704,0,0.0726141573006983
0.751989587967289,0,0.0730764619258356
0.75283374557558,0,0.0735397780231557
0.753677216912661,0,0.0740041047205819
0.754520001259616,0,0.0744694411460372
0.755362097897529,0,0.0749357864274447
0.756203506107482,0,0.0754031396927277
0.757044225170558,0,0.0758715000698091
0.757884254367843,0,0.0763408666866122
0.758723592980418,0,0.0768112386710601
0.759562240289368,0,0.0772826151510758
0.760400195575776,0,0.0777549952545825
0.761237458120725,0,0.0782283781095034
0.7620740272053,0,0.0787027628437614
0.762909902110583,0,0.0791781485852799
0.763745082117657,0,0.0796545344619818
0.764579566507607,0,0.0801319196017903
0.765413354561516,0,0.0806103031326286
0.766246445560467,0,0.0810896841824196
0.767078838785544,0,0.0815700618790867
0.76791053351783,0,0.0820514353505528
0.768741529038409,0,0.0825338037247412
0.769571824628364,0,0.0830171661295749
0.770401419568779,0,0.083501521692977
0.771230313140737,0,0.0839868695428708
0.772058504625322,0,0.0844732088071792
0.772885993303617,0,0.0849605386138254
0.773712778456705,0,0.0854488580907326
0.774538859365671,0,0.0859381663658238
0.775364235311597,0,0.0864284625670222
0.776188905575567,0,0.086919745822251
0.777012869438665,0,0.0874120152594331
0.777836126181974,0,0.0879052700064918
0.778658675086577,0,0.0883995091913501
0.779480515433558,0,0.0888947319419313
0.780301646504001,0,0.0893909373861583
0.781122067578989,0,0.0898881246519544
0.781941777939605,0,0.0903862928672426
0.782760776866933,0,0.0908854411599462
0.783579063642056,0,0.0913855686579881
0.784396637546058,0,0.0918866744892915
0.785213497860022,0,0.0923887577817796
0.786029643865033,0,0.0928918176633755
0.786845074842172,0,0.0933958532620022
0.787659790072525,0,0.0939008637055829
0.788473788837173,0,0.0944068481220408
0.789287070417202,0,0.0949138056392989
0.790099634093693,0,0.0954217353852803
0.790911479147731,0,0.0959306364879083
0.791722604860399,0,0.0964405080751059
0.792533010512781,0,0.0969513492747962
0.79334269538596,0,0.0974631592149023
0.79415165876102,0,0.0979759370233475
0.794959899919043,0,0.0984896818280547
0.795767418141114,0,0.0990043927569471
0.796574212708317,0,0.0995200689379479
0.797380282901733,0,0.10003670949898
0.798185628002448,0,0.100554313567967
0.798990247291544,0,0.101072880272832
0.799794140050105,0,0.101592408741497
0.800597305559214,0,0.102112898101886
0.801399743099956,0,0.102634347481923
0.802201451953412,0,0.103156756009529
0.803002431400668,0,0.103680122812629
0.803802680722806,0,0.104204447019145
0.804602199200909,0,0.104729727757001
0.805400986116062,0,0.10525596415412
0.806199040749348,0,0.105783155338424
0.80699636238185,0,0.106311300437838
0.807792950294651,0,0.106840398580283
0.808588803768836,0,0.107370448893683
0.809383922085488,0,0.107901450505962
0.810178304525689,0,0.108433402545042
0.810971950370524,0,0.108966304138847
0.811764858901077,0,0.109500154415299
0.81255702939843,0,0.110034952502322
0.813348461143667,0,0.110570697527839
0.814139153417871,0,0.111107388619773
0.814929105502127,0,0.111645024906048
0.815718316677517,0,0.112183605514585
0.816506786225125,0,0.112723129573309
0.817294513426034,0,0.113263596210142
0.818081497561329,0,0.113805004553008
0.818867737912091,0,0.11434735372983
0.819653233759406,0,0.11489064286853
0.820437984384356,0,0.115434871097033
0.821221989068025,0,0.11598003754326
0.822005247091496,0,0.116526141335136
0.822787757735853,0,0.117073181600583
0.823569520282179,0,0.117621157467525
0.824350534011559,0,0.118170068063884
0.825130798205074,0,0.118719912517584
0.825910312143809,0,0.119270689956548
0.826689075108847,0,0.119822399508699
0.827467086381272,0,0.120375040301959
0.828244345242167,0,0.120928611464253
0.829020850972615,0,0.121483112123504
0.829796602853701,0,0.122038541407634
0.830571600166507,0,0.122594898444566
0.831345842192118,0,0.123152182362224
0.832119328211616,0,0.123710392288531
0.832892057506084,0,0.12426952735141
0.833664029356608,0,0.124829586678783
0.834435243044269,0,0.125390569398575
0.835205697850152,0,0.125952474638709
0.83597539305534,0,0.126515301527106
0.836744327940916,0,0.127079049191692
0.837512501787964,0,0.127643716760388
0.838279913877568,0,0.128209303361117
0.83904656349081,0,0.128775808121804
0.839812449908774,0,0.12934323017037
0.840577572412544,0,0.12991156863474
0.841341930283204,0,0.130480822642836
0.842105522801836,0,0.131050991322582
0.842868349249525,0,0.131622073801899
0.843630408907354,0,0.132194069208713
0.844391701056405,0,0.132766976670945
0.845152224977763,0,0.133340795316519
0.845911979952512,0,0.133915524273359
0.846670965261734,0,0.134491162669386
0.847429180186513,0,0.135067709632524
0.848186624007932,0,0.135645164290697
0.848943296007076,0,0.136223525771828
0.849699195465027,0,0.136802793203838
0.85045432166287,0,0.137382965714653
0.851208673881686,0,0.137964042432195
0.851962251402561,0,0.138546022484386
0.852715053506577,0,0.139128904999151
0.853467079474819,0,0.139712689104411
0.854218328588368,0,0.140297373928091
0.85496880012831,0,0.140882958598114
0.855718493375726,0,0.141469442242402
0.856467407611702,0,0.142056823988879
0.85721554211732,0,0.142645102965468
0.857962896173664,0,0.143234278300091
0.858709469061816,0,0.143824349120673
0.859455260062862,0,0.144415314555136
0.860200268457884,0,0.145007173731403
0.860944493527966,0,0.145599925777397
0.861687934554191,0,0.146193569821042
0.862430590817643,0,0.146788104990261
0.863172461599404,0,0.147383530412976
0.86391354618056,0,0.147979845217112
0.864653843842192,0,0.14857704853059
0.865393353865385,0,0.149175139481335
0.866132075531222,0,0.149774117197269
0.866870008120787,0,0.150373980806315
0.867607150915163,0,0.150974729436397
0.868343503195433,0,0.151576362215437
0.869079064242681,0,0.15217887827136
0.86981383333799,0,0.152782276732087
0.870547809762445,0,0.153386556725542
0.871280992797128,0,0.153991717379648
0.872013381723123,0,0.154597757822328
0.872744975821513,0,0.155204677181506
0.873475774373382,0,0.155812474585105
0.874205776659813,0,0.156421149161046
0.87493498196189,0,0.157030700037255
0.875663389560697,0,0.157641126341654
0.876390998737316,0,0.158252427202165
0.877117808772831,0,0.158864601746713
0.877843818948326,0,0.159477649103219
0.878569028544885,0,0.160091568399609
0.87929343684359,0,0.160706358763803
0.880017043125525,0,0.161322019323726
0.880739846671773,0,0.161938549207301
0.881461846763419,0,0.162555947542451
0.882183042681546,0,0.163174213457098
0.882903433707236,0,0.163793346079167
0.883623019121574,0,0.16441334453658
0.884341798205643,0,0.16503420795726
0.885059770240527,0,0.165655935469131
0.885776934507308,0,0.166278526200115
0.886493290287071,0,0.166901979278136
0.887208836860899,0,0.167526293831117
0.887923573509875,0,0.16815146898698
0.888637499515083,0,0.16877750387365
0.889350614157607,0,0.169404397619049
0.890062916718529,0,0.1700321493511
0.890774406478934,0,0.170660758197726
0.891485082719904,0,0.171290223286851
0.892194944722524,0,0.171920543746398
0.892903991767877,0,0.172551718704289
0.893612223137046,0,0.173183747288448
0.894319638111114,0,0.173816628626799
0.895026235971166,0,0.174450361847263
0.895732015998284,0,0.175084946077765
0.896436977473553,0,0.175720380446227
0.897141119678055,0,0.176356664080572
0.897844441892874,0,0.176993796108725
0.898546943399094,0,0.177631775658606
0.899248623477798,0,0.178270601858141
0.899949481410069,0,0.178910273835252
0.900649516476992,0,0.179550790717862
0.901348727959648,0,0.180192151633894
0.902047115139123,0,0.180834355711271
0.9027446772965,0,0.181477402077917
0.903441413712861,0,0.182121289861755
0.90413732366929,0,0.182766018190707
0.904832406446872,0,0.183411586192697
0.905526661326689,0,0.184057992995648
0.906220087589825,0,0.184705237727483
0.906912684517363,0,0.185353319516125
0.907604451390387,0,0.186002237489498
0.90829538748998,0,0.186651990775524
0.908985492097226,0,0.187302578502127
0.909674764493208,0,0.187953999797229
0.91036320395901,0,0.188606253788754
0.911050809775715,0,0.189259339604625
0.911737581224407,0,0.189913256372765
0.912423517586168,0,0.190568003221097
0.913108618142084,0,0.191223579277545
0.913792882173236,0,0.191879983670031
0.91447630896071,0,0.192537215526478
0.915158897785587,0,0.19319527397481
0.915840647928952,0,0.19385415814295
0.916521558671887,0,0.194513867158821
0.917201629295478,0,0.195174400150346
0.917880859080806,0,0.195835756245447
0.918559247308956,0,0.19649793457205
0.91923679326101,0,0.197160934258075
0.919913496218054,0,0.197824754431447
0.920589355461168,0,0.198489394220089
0.921264370271439,0,0.199154852751924
0.921938539929948,0,0.199821129154874
0.92261186371778,0,0.200488222556863
0.923284340916017,0,0.201156132085815
0.923955970805744,0,0.201824856869651
0.924626752668043,0,0.202494396036296
0.925296685783998,0,0.203164748713673
0.925965769434693,0,0.203835914029704
0.926634002901212,0,0.204507891112313
0.927301385464637,0,0.205180679089422
0.927967916406052,0,0.205854277088956
0.928633595006541,0,0.206528684238837
0.929298420547187,0,0.207203899666988
0.929962392309074,0,0.207879922501332
0.930625509573284,0,0.208556751869793
0.931287771620902,0,0.209234386900293
0.931949177733012,0,0.209912826720756
0.932609727190695,0,0.210592070459105
0.933269419275037,0,0.211272117243263
0.93392825326712,0,0.211952966201152
0.934586228448028,0,0.212634616460697
0.935243344098844,0,0.21331706714982
0.935899599500653,0,0.214000317396445
0.936554993934537,0,0.214684366328494
0.93720952668158,0,0.215369213073891
0.937863197022864,0,0.216054856760559
0.938516004239475,0,0.21674129651642
0.939167947612495,0,0.217428531469399
0.939819026423008,0,0.218116560747418
0.940469239952096,0,0.2188053834784
0.941118587480845,0,0.219494998790268
0.941767068290337,0,0.220185405810946
0.942414681661656,0,0.220876603668357
0.943061426875884,0,0.221568591490423
0.943707303214107,0,0.222261368405068
0.944352309957405,0,0.222954933540215
0.944996446386866,0,0.223649286023788
0.94563971178357,0,0.224344424983708
0.946282105428602,0,0.2250403495479
0.946923626603044,0,0.225737058844286
0.947564274587981,0,0.226434552000791
0.948204048664496,0,0.227132828145335
0.948842948113673,0,0.227831886405844
0.949480972216594,0,0.228531725910239
0.950118120254344,0,0.229232345786445
0.950754391508005,0,0.229933745162384
0.951389785258663,0,0.230635923165979
0.952024300787398,0,0.231338878925154
0.952657937375297,0,0.232042611567831
0.953290694303441,0,0.232747120221934
0.953922570852914,0,0.233452404015386
0.9545535663048,0,0.234158462076109
0.955183679940183,0,0.234865293532028
0.955812911040145,0,0.235572897511065
0.95644125888577,0,0.236281273141143
0.957068722758142,0,0.236990419550186
0.957695301938344,0,0.237700335866116
0.95832099570746,0,0.238411021216857
0.958945803346572,0,0.239122474730332
0.959569724136766,0,0.239834695534464
0.960192757359123,0,0.240547682757175
0.960814902294728,0,0.24126143552639
0.961436158224664,0,0.241975952970031
0.962056524430015,0,0.242691234216022
0.962676000191863,0,0.243407278392285
0.963294584791293,0,0.244124084626744
0.963912277509388,0,0.244841652047321
0.964529077627231,0,0.24555997978194
0.965144984425906,0,0.246279066958525
0.965759997186497,0,0.246998912704997
0.966374115190086,0,0.247719516149281
0.966987337717758,0,0.248440876419299
0.967599664050595,0,0.249162992642974
0.968211093469682,0,0.249885863948231
0.968821625256101,0,0.250609489462991
0.969431258690937,0,0.251333868315177
0.970039993055273,0,0.252058999632714
0.970647827630191,0,0.252784882543524
0.971254761696776,0,0.25351151617553
0.971860794536112,0,0.254238899656656
0.972465925429281,0,0.254967032114824
0.973070153657367,0,0.255695912677957
0.973673478501454,0,0.256425540473979
0.974275899242625,0,0.257155914630813
0.974877415161963,0,0.257887034276382
0.975478025540552,0,0.258618898538609
0.976077729659476,0,0.259351506545418
0.976676526799818,0,0.26008485742473
0.977274416242662,0,0.26081895030447
0.97787139726909,0,0.261553784312561
0.978467469160186,0,0.262289358576925
0.979062631197035,0,0.263025672225486
0.979656882660719,0,0.263762724386167
0.980250222832322,0,0.264500514186891
0.980842650992927,0,0.265239040755581
0.981434166423618,0,0.265978303220161
0.982024768405478,0,0.266718300708553
0.98261445621959,0,0.26745903234868
0.98320322914704,0,0.268200497268466
0.983791086468908,0,0.268942694595834
0.984378027466281,0,0.269685623458707
0.984964051420239,0,0.270429282985008
0.985549157611868,0,0.27117367230266
0.98613334532225,0,0.271918790539586
0.98671661383247,0,0.272664636823709
0.98729896242361,0,0.273411210282953
0.987880390376755,0,0.274158510045241
0.988460896972986,0,0.274906535238495
0.989040481493389,0,0.27565528499064
0.989619143219046,0,0.276404758429597
0.990196881431042,0,0.27715495468329
0.990773695410458,0,0.277905872879643
0.99134958443838,0,0.278657512146578
0.99192454779589,0,0.279409871612018
0.992498584764072,0,0.280162950403887
0.993071694624009,0,0.280916747650108
0.993643876656785,0,0.281671262478604
0.994215130143484,0,0.282426494017297
0.994785454365188,0,0.283182441394112
0.995354848602982,0,0.283939103736971
0.995923312137948,0,0.284696480173797
0.996490844251171,0,0.285454569832514
0.997057444223733,0,0.286213371841044
0.997623111336718,0,0.286972885327311
0.99818784487121,0,0.287733109419237
0.998751644108293,0,0.288494043244747
0.999314508329049,0,0.289255685931763
0.999876436814561,0,0.290018036608208
1.00043742884592,0,0.290781094402005
1.00099748370419,0,0.291544858441077
1.00155660067048,0,0.292309327853348
1.00211477902585,0,0.293074501766741
1.0026720180514,0,0.293840379309179
1.00322831702821,0,0.294606959608584
1.00378367523736,0,0.295374241792881
1.00433809195994,0,0.296142224989991
1.00489156647702,0,0.296910908327839
1.0054440980697,0,0.297680290934347
1.00599568601905,0,0.298450371937439
1.00654632960616,0,0.299221150465038
1.00709602811211,0,0.299992625645066
1.00764478081799,0,0.300764796605447
1.00819258700487,0,0.301537662474104
1.00873944595385,0,0.30231122237896
1.00928535694601,0,0.303085475447939
1.00983031926243,0,0.303860420808962
1.01037433218418,0,0.304636057589955
1.01091739499237,0,0.305412384918838
1.01145950696807,0,0.306189401923537
1.01200066739235,0,0.306967107731973
1.01254087554632,0,0.307745501472071
1.01308013071105,0,0.308524582271752
1.01361843216762,0,0.309304349258941
1.01415577919712,0,0.31008480156156
1.01469217108063,0,0.310865938307533
1.01522760709923,0,0.311647758624782
1.01576208653401,0,0.312430261641231
1.01629560866606,0,0.313213446484802
1.01682817277645,0,0.31399731228342
1.01735977814626,0,0.314781858165006
1.01789042405659,0,0.315567083257485
1.01842010978852,0,0.316352986688779
1.01894883462312,0,0.317139567586812
1.01947659784148,0,0.317926825079506
1.02000339872469,0,0.318714758294785
1.02052923655383,0,0.319503366360571
1.02105411060999,0,0.320292648404789
1.02157802017424,0,0.32108260355536
1.02210096452767,0,0.321873230940209
1.02262294295136,0,0.322664529687258
1.0231439547264,0,0.32345649892443
1.02366399913387,0,0.324249137779649
1.02418307545485,0,0.325042445380837
1.02470118297043,0,0.325836420855919
1.02521832096169,0,0.326631063332816
1.02573448870971,0,0.327426371939452
1.02624968549559,0,0.32822234580375
1.02676391060039,0,0.329018984053634
1.02727716330521,0,0.329816285817025
1.02778944289112,0,0.330614250221849
1.02830074863922,0,0.331412876396027
1.02881107983058,0,0.332212163467483
1.02932043574629,0,0.333012110564139
1.02982881566743,0,0.33381271681392
1.03033621887509,0,0.334613981344747
1.03084264465035,0,0.335415903284545
1.03134809227429,0,0.336218481761236
1.03185256102799,0,0.337021715902744
1.03235605019254,0,0.337825604836991
1.03285855904903,0,0.338630147691901
1.03336008687853,0,0.339435343595397
1.03386063296214,0,0.340241191675402
1.03436019658092,0,0.341047691059839
1.03485877701597,0,0.341854840876631
1.03535637354838,0,0.342662640253701
1.03585298545921,0,0.343471088318973
1.03634861202957,0,0.344280184200369
1.03684325254052,0,0.345089927025813
1.03733690627316,0,0.345900315923228
1.03782957250856,0,0.346711350020537
1.03832125052782,0,0.347523028445662
1.03881193961201,0,0.348335350326528
1.03930163904222,0,0.349148314791058
1.03979034809953,0,0.349961920967173
1.04027806606502,0,0.350776167982798
1.04076479221979,0,0.351591054965856
1.0412505258449,0,0.35240658104427
1.04173526622145,0,0.353222745345962
1.04221901263052,0,0.354039546998857
1.0427017643532,0,0.354856985130876
1.04318352067055,0,0.355675058869944
1.04366428086368,0,0.356493767343984
1.04414404421366,0,0.357313109680917
1.04462281000158,0,0.358133085008669
1.04510057750851,0,0.358953692455161
1.04557734601555,0,0.359774931148317
1.04605311480378,0,0.36059680021606
1.04652788315427,0,0.361419298786313
1.04700165034812,0,0.362242425986999
1.04747441566641,0,0.363066180946042
1.04794617839022,0,0.363890562791364
1.04841693780063,0,0.364715570650889
1.04888669317873,0,0.365541203652539
1.0493554438056,0,0.366367460924239
1.04982318896232,0,0.36719434159391
1.05028992792998,0,0.368021844789476
1.05075565998967,0,0.368849969638861
1.05122038442246,0,0.369678715269987
1.05168410050943,0,0.370508080810777
1.05214680753168,0,0.371338065389155
1.05260850477029,0,0.372168668133043
1.05306919150633,0,0.372999888170366
1.0535288670209,0,0.373831724629045
1.05398753059507,0,0.374664176637004
1.05444518150993,0,0.375497243322167
1.05490181904656,0,0.376330923812456
1.05535744248605,0,0.377165217235794
1.05581205110948,0,0.378000122720105
1.05626564419793,0,0.378835639393311
1.05671822103249,0,0.379671766383336
1.05716978089424,0,0.380508502818103
1.05762032306426,0,0.381345847825535
1.05806984682364,0,0.382183800533556
1.05851835145347,0,0.383022360070087
1.05896583623481,0,0.383861525563053
1.05941230044876,0,0.384701296140377
1.05985774337641,0,0.385541670929981
1.06030216429882,0,0.386382649059789
1.0607455624971,0,0.387224229657723
1.06118793725232,0,0.388066411851708
1.06162928784556,0,0.388909194769666
1.06206961355791,0,0.38975257753952
1.06250891367045,0,0.390596559289193
1.06294718746427,0,0.391441139146609
1.06338443422045,0,0.392286316239691
1.06382065322006,0,0.393132089696361
1.06425584374421,0,0.393978458644543
1.06469000507396,0,0.39482542221216
1.06512313649041,0,0.395672979527135
1.06555523727463,0,0.396521129717391
1.06598630670772,0,0.397369871910852
1.06641634407074,0,0.39821920523544
1.06684534864479,0,0.399069128819079
1.06727331971096,0,0.399919641789691
1.06770025655031,0,0.400770743275201
1.06812615844395,0,0.40162243240353
1.06855102467294,0,0.402474708302602
1.06897485451838,0,0.40332757010034
1.06939764726135,0,0.404181016924668
1.06981940218292,0,0.405035047903508
1.07024011856419,0,0.405889662164784
1.07065979568624,0,0.406744858836418
1.07107843283015,0,0.407600637046334
1.07149602927701,0,0.408456995922455
1.07191258430789,0,0.409313934592704
1.07232809720389,0,0.410171452185004
1.07274256724608,0,0.411029547827279
1.07315599371555,0,0.411888220647451
1.07356837589338,0,0.412747469773443
1.07397971306066,0,0.413607294333179
1.07439000449847,0,0.414467693454582
1.07479924948789,0,0.415328666265575
1.07520744731,0,0.41619021189408
1.0756145972459,0,0.417052329468022
1.07602069857666,0,0.417915018115323
1.07642575058337,0,0.418778276963907
1.0768297525471,0,0.419642105141696
1.07723270374895,0,0.420506501776613
1.07763460347,0,0.421371465996582
1.07803545099133,0,0.422236996929526
1.07843524559402,0,0.423103093703369
1.07883398655916,0,0.423969755446032
1.07923167316783,0,0.424836981285439
1.07962830470111,0,0.425704770349514
1.08002388044009,0,0.426573121766179
1.08041839966586,0,0.427442034663358
1.08081186165949,0,0.428311508168973
1.08120426570206,0,0.429181541410949
1.08159561107467,0,0.430052133517207
1.0819858970584,0,0.430923283615672
1.08237512293432,0,0.431794990834265
1.08276328798353,0,0.432667254300911
1.0831503914871,0,0.433540073143532
1.08353643272612,0,0.434413446490052
1.08392141098167,0,0.435287373468394
1.08430532553484,0,0.43616185320648
1.08468817566671,0,0.437036884832234
1.08506996065837,0,0.437912467473579
1.08545067979089,0,0.438788600258439
1.08583033234536,0,0.439665282314736
1.08620891760286,0,0.440542512770393
1.08658643484448,0,0.441420290753333
1.0869628833513,0,0.442298615391481
1.08733826240441,0,0.443177485812758
1.08771257128488,0,0.444056901145088
1.0880858092738,0,0.444936860516394
1.08845797565226,0,0.445817363054599
1.08882906970134,0,0.446698407887626
1.08919909070211,0,0.447579994143399
1.08956803793567,0,0.44846212094984
1.08993591068311,0,0.449344787434873
1.09030270822549,0,0.450227992726421
1.09066842984391,0,0.451111735952406
1.09103307481944,0,0.451996016240752
1.09139664243318,0,0.452880832719383
1.09175913196621,0,0.453766184516221
1.0921205426996,0,0.454652070759189
1.09248087391445,0,0.45553849057621
1.09284012489183,0,0.456425443095209
1.09319829491284,0,0.457312927444107
1.09355538325854,0,0.458200942750827
1.09391138921003,0,0.459089488143294
1.0942663120484,0,0.45997856274943
1.09462015105471,0,0.460868165697158
1.09497290551007,0,0.461758296114401
1.09532457469554,0,0.462648953129083
1.09567515789222,0,0.463540135869126
1.09602465438119,0,0.464431843462454
1.09637306344352,0,0.46532407503699
1.09672038436032,0,0.466216829720657
1.09706661641265,0,0.467110106641377
1.0974117588816,0,0.468003904927075
1.09775581104825,0,0.468898223705674
1.0980987721937,0,0.469793062105095
1.09844064159901,0,0.470688419253263
1.09878141854528,0,0.471584294278101
1.09912110231359,0,0.472480686307532
1.09945969218503,0,0.473377594469478
1.09979718744067,0,0.474275017891864
1.10013358736159,0,0.475172955702612
1.10046889122889,0,0.476071407029645
1.10080309832365,0,0.476970371000886
1.10113620792695,0,0.477869846744259
1.10146821931987,0,0.478769833387686
1.10179913178349,0,0.479670330059092
1.10212894459891,0,0.480571335886398
1.1024576570472,0,0.481472849997528
1.10278526840945,0,0.482374871520405
1.10311177796673,0,0.483277399582952
1.10343718500015,0,0.484180433313093
1.10376148879077,0,0.48508397183875
1.10408468861968,0,0.485988014287847
1.10440678376796,0,0.486892559788307
1.1047277735167,0,0.487797607468052
1.10504765714699,0,0.488703156455007
1.1053664339399,0,0.489609205877093
1.10568410317652,0,0.490515754862235
1.10600066413792,0,0.491422802538355
1.10631611610521,0,0.492330348033376
1.10663045835945,0,0.493238390475222
1.10694369018174,0,0.494146928991816
1.10725581085315,0,0.495055962711081
1.10756681965477,0,0.495965490760939
1.10787671586769,0,0.496875512269315
1.10818549877298,0,0.497786026364131
1.10849316765173,0,0.49869703217331
1.10879972178502,0,0.499608528824775
1.10910516045394,0,0.50052051544645
1.10940948293957,0,0.501432991166258
1.10971268852299,0,0.502345955112121
1.11001477648529,0,0.503259406411964
1.11031574610756,0,0.504173344193708
1.11061559667086,0,0.505087767585278
1.11091432745629,0,0.506002675714595
1.11121193774494,0,0.506918067709585
1.11150842681788,0,0.507833942698168
1.11180379395619,0,0.50875029980827
1.11209803844097,0,0.509667138167812
1.11239115955329,0,0.510584456904718
1.11268315657424,0,0.511502255146911
1.11297402878491,0,0.512420532022314
1.11326377546637,0,0.51333928665885
1.1135523958997,0,0.514258518184443
1.113839889366,0,0.515178225727015
1.11412625514635,0,0.51609840841449
1.11441149252182,0,0.517019065374791
1.11469560077351,0,0.51794019573584
1.11497857918249,0,0.518861798625562
1.11526042702986,0,0.519783873171878
1.11554114359668,0,0.520706418502713
1.11582072816406,0,0.521629433745989
1.11609918001306,0,0.522552918029629
1.11637649842478,0,0.523476870481557
1.11665268268029,0,0.524401290229696
1.11692773206069,0,0.525326176401969
1.11720164584704,0,0.526251528126298
1.11747442332045,0,0.527177344530608
1.11774606376199,0,0.528103624742821
1.11801656645274,0,0.52903036789086
1.11828593067379,0,0.529957573102648
1.11855415570622,0,0.53088523950611
1.11882124083112,0,0.531813366229166
1.11908718532956,0,0.532741952399742
1.11935198848264,0,0.533670997145759
1.11961564957143,0,0.534600499595142
1.11987816787702,0,0.535530458875813
1.12013954268049,0,0.536460874115695
1.12039977326293,0,0.537391744442711
1.12065885890542,0,0.538323068984785
1.12091679888904,0,0.539254846869839
1.12117359249488,0,0.540187077225798
1.12142923900402,0,0.541119759180583
1.12168373769754,0,0.542052891862118
1.12193708785652,0,0.542986474398327
1.12218928876206,0,0.543920505917131
1.12244033969523,0,0.544854985546455
1.12269023993712,0,0.545789912414222
1.1229389887688,0,0.546725285648354
1.12318658547138,0,0.547661104376775
1.12343302932592,0,0.548597367727407
1.12367831961351,0,0.549534074828175
1.12392245561523,0,0.550471224807001
1.12416543661218,0,0.551408816791808
1.12440726188542,0,0.552346849910519
1.12464793071605,0,0.553285323291058
1.12488744238515,0,0.554224236061347
1.1251257961738,0,0.55516358734931
1.12536299136308,0,0.55610337628287
1.12559902723409,0,0.55704360198995
1.12583390306789,0,0.557984263598473
1.12606761814559,0,0.558925360236362
1.12630017174825,0,0.559866891031541
1.12653156315696,0,0.560808855111932
1.12676179165281,0,0.561751251605458
1.12699085651688,0,0.562694079640044
1.12721875703026,0,0.563637338343611
1.12744549247402,0,0.564581026844083
1.12767106212925,0,0.565525144269382
1.12789546527703,0,0.566469689747434
1.12811870119845,0,0.567414662406159
1.12834076917459,0,0.568360061373482
1.12856166848654,0,0.569305885777325
1.12878139841537,0,0.570252134745612
1.12899995824218,0,0.571198807406266
1.12921734724804,0,0.57214590288721
1.12943356471403,0,0.573093420316366
1.12964860992125,0,0.574041358821659
1.12986248215077,0,0.574989717531011
1.13007518068368,0,0.575938495572346
1.13028670480107,0,0.576887692073586
1.13049705378401,0,0.577837306162655
1.13070622691358,0,0.578787336967475
1.13091422347088,0,0.57973778361597
1.13112104273699,0,0.580688645236063
1.13132668399299,0,0.581639920955678
1.13153114651995,0,0.582591609902736
1.13173442959898,0,0.583543711205162
1.13193653251114,0,0.584496223990879
1.13213745453753,0,0.585449147387809
1.13233719495922,0,0.586402480523876
1.1325357530573,0,0.587356222527002
1.13273312811286,0,0.588310372525112
1.13292931940698,0,0.589264929646127
1.13312432622073,0,0.590219893017972
1.13331814783521,0,0.591175261768569
1.1335107835315,0,0.592131035025842
1.13370223259067,0,0.593087211917713
1.13389249429383,0,0.594043791572106
1.13408156792204,0,0.595000773116944
1.13426945275639,0,0.595958155680149
1.13445614807797,0,0.596915938389646
1.13464165316785,0,0.597874120373357
1.13482596730713,0,0.598832700759205
1.13500908977688,0,0.599791678675113
1.13519101985819,0,0.600751053249006
1.13537175683214,0,0.601710823608804
1.13555129997982,0,0.602670988882433
1.13572964858231,0,0.603631548197814
1.13590680192069,0,0.604592500682872
1.13608275927605,0,0.605553845465528
1.13625751992947,0,0.606515581673707
1.13643108316203,0,0.607477708435332
1.13660344825481,0,0.608440224878325
1.13677461448891,0,0.609403130130609
1.1369445811454,0,0.610366423320108
1.13711334750537,0,0.611330103574745
1.1372809128499,0,0.612294170022443
1.13744727646007,0,0.613258621791126
1.13761243761697,0,0.614223458008715
1.13777639560168,0,0.615188677803135
1.13793914969529,0,0.616154280302308
1.13810069917887,0,0.617120264634158
1.13826104333352,0,0.618086629926608
1.13842018144031,0,0.61905337530758
1.13857811278033,0,0.620020499904999
1.13873483663466,0,0.620988002846786
1.13889035228438,0,0.621955883260866
1.13904465901059,0,0.622924140275161
1.13919775609435,0,0.623892773017595
1.13934964281677,0,0.62486178061609
1.13950031845891,0,0.62583116219857
1.13964978230186,0,0.626800916892957
1.13979803362671,0,0.627771043827176
1.13994507171454,0,0.628741542129149
1.14009089584644,0,0.629712410926799
1.14023550530348,0,0.630683649348049
1.14037889936675,0,0.631655256520822
1.14052107731733,0,0.632627231573042
1.14066203843631,0,0.633599573632632
1.14080178200478,0,0.634572281827515
1.1409403073038,0,0.635545355285613
1.14107761361448,0,0.636518793134851
1.14121370021788,0,0.637492594503151
1.1413485663951,0,0.638466758518436
1.14148221142722,0,0.639441284308629
1.14161463459532,0,0.640416171001654
1.14174583518048,0,0.641391417725434
1.14187581246379,0,0.642367023607891
1.14200456572633,0,0.643342987776949
1.14213209424919,0,0.644319309360531
1.14225839731345,0,0.64529598748656
1.14238347420019,0,0.64627302128296
1.1425073241905,0,0.647250409877653
1.14262994656545,0,0.648228152398563
1.14275134060614,0,0.649206247973612
1.14287150559365,0,0.650184695730723
1.14299044080905,0,0.651163494797821
1.14310814553344,0,0.652142644302828
1.14322461904789,0,0.653122143373666
1.1433398606335,0,0.654101991138261
1.14345386957133,0,0.655082186724533
1.14356664514249,0,0.656062729260407
1.14367818662804,0,0.657043617873805
1.14378849330908,0,0.658024851692651
1.14389756446669,0,0.659006429844868
1.14400539938195,0,0.659988351458379
1.14411199733594,0,0.660970615661107
1.14421735760975,0,0.661953221580975
1.14432147948446,0,0.662936168345907
1.14442436224116,0,0.663919455083824
1.14452600516092,0,0.664903080922652
1.14462640752484,0,0.665887044990312
1.14472556861399,0,0.666871346414728
1.14482348770947,0,0.667855984323823
1.14492016409234,0,0.66884095784552
1.1450155970437,0,0.669826266107742
1.14510978584463,0,0.670811908238412
1.14520272977621,0,0.671797883365454
1.14529442811953,0,0.67278419061679
1.14538488015567,0,0.673770829120344
1.14547408516571,0,0.674757798004039
1.14556204243073,0,0.675745096395798
1.14564875123183,0,0.676732723423543
1.14573421085008,0,0.677720678215199
1.14581842056657,0,0.678708959898688
1.14590137966238,0,0.679697567601934
1.14598308741859,0,0.680686500452858
1.14606354311629,0,0.681675757579386
1.14614274603656,0,0.682665338109439
1.14622069546049,0,0.683655241170941
1.14629739066915,0,0.684645465891816
