0.25000017840112,0.460943204988302,0
0.249580143539083,0.459533347565358,0
0.249166404584822,0.457926334001796,0
0.248758835584068,0.456318724467874,0
0.248357489326128,0.454710511898112,0
0.2479624189317,0.453101689894074,0
0.247573677841326,0.451492252736352,0
0.247191319803374,0.449882195396588,0
0.246815398861576,0.448271513549432,0
0.246445969342091,0.446660203584323,0
0.246083085840108,0.445048262617288,0
0.245726803205976,0.443435688502586,0
0.245377176530869,0.441822479844252,0
0.24503426113197,0.440208636007563,0
0.244698112537182,0.438594157130305,0
0.24436878646937,0.436979044133905,0
0.244046338830122,0.435363298734468,0
0.243730825683028,0.433746923453595,0
0.243422303236506,0.432129921628959,0
0.243120827826127,0.430512297424826,0
0.242826455896493,0.428894055842261,0
0.242539243982631,0.42727520272913,0
0.242259248690932,0.425655744789895,0
0.241986526679627,0.424035689595111,0
0.241721134638799,0.422415045590738,0
0.241463129269958,0.420793822107106,0
0.241212567265167,0.419172029367602,0
0.240969505285718,0.4175496784971,0
0.240733999940404,0.415926781530004,0
0.240506107763342,0.414303351418046,0
0.240285885191403,0.412679402037654,0
0.240073388541238,0.411054948196978,0
0.239868673985901,0.409430005642623,0
0.2396717975311,0.407804591065916,0
0.239482814991087,0.406178722108796,0
0.239301781964181,0.404552417369265,0
0.239128753807957,0.402925696406498,0
0.238963785614111,0.401298579745429,0
0.238806932183006,0.399671088880929,0
0.238658247997939,0.398043246281501,0
0.238517787199112,0.396415075392528,0
0.238385603557356,0.394786600639028,0
0.238261750447626,0.39315784742781,0
0.238146280822232,0.391528842149373,0
0.238039247183913,0.389899612179025,0
0.237940701558727,0.38827018587752,0
0.237850695468744,0.386640592591318,0
0.237769279904631,0.385010862652168,0
0.23769650529813,0.383381027376084,0
0.237632421494427,0.381751119061838,0
0.237577077724446,0.380121170988943,0
0.237530522577131,0.378491217414863,0
0.237492803971681,0.3768612935718,0
0.2374639691298,0.375231435662852,0
0.237444064547994,0.37360168085749,0
0.23743313596991,0.371972067286527,0
0.237431228358765,0.37034263403645,0
0.237438385869898,0.368713421143111,0
0.237454651823456,0.367084469584808,0
0.23748006867724,0.365455821274809,0
0.237514677999765,0.363827519053168,0
0.237558520443525,0.362199606677994,0
0.237611635718529,0.360572128816037,0
0.237674062566091,0.358945131032745,0
0.237745838732964,0.357318659781582,0
0.237827000945762,0.355692762392872,0
0.237917584885804,0.354067487061878,0
0.23801762516429,0.352442882836437,0
0.238127155297925,0.350818999603898,0
0.238246207685012,0.349195888077414,0
0.238374813581969,0.347573599781778,0
0.238513003080372,0.34595218703859,0
0.238660805084531,0.34433170295085,0
0.23881824728961,0.342712201386979,0
0.238985356160277,0.341093736964442,0
0.239162156910066,0.339476365032475,0
0.239348673481239,0.33786014165467,0
0.239544928525377,0.336245123590763,0
0.239750943384623,0.334631368278008,0
0.23996673807357,0.333018933812136,0
0.240192331261951,0.331407878927627,0
0.24042774025797,0.329798262977725,0
0.240672980992464,0.328190145913816,0
0.240928068003774,0.32658358826451,0
0.241193014423432,0.324978651114224,0
0.241467831962656,0.323375396081373,0
0.241752530899646,0.32177388529618,0
0.242047120067729,0.320174181378097,0
0.242351606844341,0.318576347412902,0
0.242665997140895,0.316980446929368,0
0.242990295393447,0.315386543875812,0
0.243324504554325,0.313794702596138,0
0.243668626084603,0.312204987805691,0
0.244022659947484,0.31061746456685,0
0.244386604602558,0.309032198264412,0
0.244760457000997,0.307449254580717,0
0.245144212581653,0.305868699470569,0
0.245537865268061,0.30429059913602,0
0.24594140746638,0.302715020000937,0
0.246354830064201,0.301142028685545,0
0.246778122430317,0.299571691980744,0
0.247211272415412,0.298004076822345,0
0.247654266353602,0.296439250265321,0
0.248107089064928,0.294877279457942,0
0.248569723858743,0.293318231615876,0
0.249042152538016,0.29176217399624,0
0.249524355404442,0.290209173871828,0
0.250016311264515,0.28865929850519,0
0.250517997436464,0.287112615122796,0
0.251029389757971,0.285569190889399,0
0.25155046259483,0.28402909288232,0
0.252081188850411,0.282492388065914,0
0.252621539975876,0.280959143266266,0
0.253171485981304,0.279429425145882,0
0.253730995447608,0.277903300178528,0
0.254300035539113,0.276380834624485,0
0.254878572017029,0.27486209450575,0
0.2554665692536,0.273347145581592,0
0.256063990246976,0.271836053324352,0
0.25667079663684,0.270328882895406,0
0.257286948720703,0.268825699121463,0
0.257912405470851,0.267326566471153,0
0.258547124551936,0.265831549031939,0
0.259191062339271,0.264340710487226,0
0.25984417393766,0.26285411409393,0
0.260506413200834,0.261371822660336,0
0.261177732751498,0.259893898524287,0
0.261858084001858,0.258420403531803,0
0.26254741717473,0.256951399016026,0
0.263245681325097,0.255486945776614,0
0.263952824362252,0.254027104059406,0
0.264668793072263,0.252571933536686,0
0.265393533140933,0.251121493287783,0
0.266126989177218,0.249675841780045,0
0.266869104736974,0.248235036850349,0
0.267619822347114,0.246799135686988,0
0.268379083530064,0.24536819481209,0
0.269146828828586,0.243942270064445,0
0.269922997830868,0.242521416582836,0
0.27070752919595,0.241105688789785,0
0.271500360679335,0.239695140375878,0
0.272301429158829,0.238289824284567,0
0.27311067066072,0.236889792697328,0
0.273928020386004,0.235495097019487,0
0.274753412736801,0.234105787866519,0
0.275586781343007,0.232721915050753,0
0.276428059089015,0.231343527568655,0
0.277277178140535,0.229970673588624,0
0.278134069971502,0.228603400439311,0
0.278998665391054,0.227241754598438,0
0.27987089457061,0.225885781682076,0
0.280750687070899,0.224535526434523,0
0.281637971869032,0.22319103271867,0
0.282532677385551,0.221852343506884,0
0.283434731511502,0.220519500872359,0
0.284344061635386,0.21919254598106,0
0.285260594670105,0.217871519084127,0
0.28618425707979,0.216556459510816,0
0.287114974906565,0.215247405661925,0
0.288052673797202,0.213944395003729,0
0.288997279029585,0.212647464062468,0
0.289948715539143,0.211356648419237,0
0.29090690794497,0.210071982705523,0
0.291871780575942,0.208793500599063,0
0.29284325749659,0.207521234820254,0
0.293821262532639,0.206255217129185,0
0.294805719296534,0.204995478322941,0
0.295796551212666,0.203742048233465,0
0.296793681542287,0.202494955725963,0
0.297797033408277,0.201254228697664,0
0.298806529819617,0.200019894077087,0
0.299822093695562,0.198791977823777,0
0.300843647889579,0.197570504928448,0
0.301871115212958,0.196355499413603,0
0.302904418458141,0.195146984334557,0
0.303943480421713,0.193944981780937,0
0.304988223927059,0.192749512878578,0
0.306038571846891,0.191560597791696,0
0.307094447125085,0.190378255725751,0
0.308155772798442,0.189202504930486,0
0.309222472018034,0.188033362703413,0
0.310294468070156,0.186870845393706,0
0.311371684396971,0.185714968406429,0
0.312454044616733,0.184565746207167,0
0.313541472543658,0.183423192327006,0
0.314633892207429,0.18228731936784,0
0.315731227872246,0.181158139008086,0
0.316833404055612,0.180035662008621,0
0.317940345546676,0.178919898219094,0
0.319051977424041,0.177810856584654,0
0.320168225073356,0.176708545152844,0
0.321289014204493,0.175612971080796,0
0.322414270868186,0.174524140642826,0
0.323543921472348,0.173442059238236,0
0.324677892797982,0.172366731399379,0
0.325816112014685,0.171298160799995,0
0.326958506695699,0.170236350263814,0
0.328105004832554,0.169181301773408,0
0.329255534849318,0.168133016479258,0
0.330410025616449,0.167091494709023,0
0.331568406464165,0.166056735977098,0
0.332730607195482,0.165028738994283,0
0.333896558098752,0.164007501677745,0
0.33506618995985,0.162993021161096,0
0.33623943407392,0.161985293804689,0
0.337416222256724,0.160984315206055,0
0.338596486855563,0.159990080210538,0
0.339780160759758,0.159002582922073,0
0.340967177410871,0.158021816714035,0
0.342157470812235,0.157047774240395,0
0.343350975538482,0.156080447446748,0
0.344547626744235,0.15511982758174,0
0.345747360172739,0.15416590520838,0
0.34695011216397,0.153218670215545,0
0.348155819662284,0.152278111829614,0
0.34936442022385,0.151344218626076,0
0.350575852023516,0.150416978541333,0
0.351790053861437,0.149496378884476,0
0.353006965169271,0.148582406349161,0
0.354226526015938,0.147675047025571,0
0.355448677113191,0.146774286412313,0
0.356673359820628,0.145880109428472,0
0.357900516150436,0.144992500425639,0
0.359130088771812,0.144111443199935,0
0.360362021014971,0.143236921004098,0
0.361596256874861,0.142368916559536,0
0.362832741014509,0.141507412068405,0
0.364071418768044,0.14065238922567,0
0.365312236143384,0.139803829231162,0
0.366555139824627,0.13896171280159,0
0.367800077174081,0.138126020182563,0
0.369046996234057,0.137296731160531,0
0.370295845728261,0.136473825074739,0
0.371546575062962,0.135657280829099,0
0.372799134327881,0.134847076904006,0
0.374053474296651,0.134043191368166,0
0.375309546427188,0.133245601890265,0
0.376567302861664,0.132454285750638,0
0.377826696426264,0.131669219852835,0
0.379087680630633,0.130890380735136,0
0.380350209667074,0.130117744581981,0
0.381614238409605,0.129351287235259,0
0.382879722412575,0.128590984205603,0
0.384146617909205,0.127836810683517,0
0.385414881809836,0.127088741550423,0
0.386684471699937,0.126346751389624,0
0.387955345837901,0.125610814497147,0
0.389227463152704,0.124880904892451,0
0.390500783241225,0.124156996329082,0
0.391775266365404,0.123439062305181,0
0.393050873449344,0.122727076073827,0
0.394327566076027,0.12202101065334,0
0.395605306483898,0.121320838837437,0
0.39688405756341,0.120626533205193,0
0.398163782853248,0.119938066130957,0
0.399444446536413,0.119255409794106,0
0.400726013436174,0.118578536188666,0
0.40200844901189,0.11790741713278,0
0.403291719354674,0.11724202427805,0
0.404575791182827,0.116582329118773,0
0.405860631837287,0.115928303000975,0
0.407146209276848,0.115279917131344,0
0.408432492073224,0.114637142586029,0
0.409719449406139,0.113999950319246,0
0.411007051058184,0.113368311171774,0
0.412295267409539,0.112742195879325,0
0.413584069432703,0.112121575080719,0
0.414873428687096,0.111506419325924,0
0.416163317313501,0.110896699083978,0
0.417453708028463,0.11029238475074,0
0.41874457411865,0.109693446656475,0
0.420035889435063,0.109099855073333,0
0.421327628387184,0.108511580222648,0
0.422619765937125,0.107928592282091,0
0.423912277593688,0.107350861392664,0
0.425205139406242,0.106778357665602,0
0.426498327958749,0.10621105118905,0
0.427791820363612,0.105648912034636,0
0.429085594255471,0.105091910263904,0
0.430379627785059,0.104540015934561,0
0.431673899612918,0.103993199106619,0
0.432968388903116,0.103451429848376,0
0.43426307531694,0.102914678242248,0
0.435557939006591,0.102382914390459,0
0.436852960608815,0.101856108420595,0
0.43814812123851,0.101334230491019,0
0.439443402482355,0.100817250796136,0
0.440738786392436,0.100305139571518,0
0.442034255479791,0.099797867098911,0
0.443329792708023,0.0992954037110844,0
0.444625381486945,0.0987977197965361,0
0.445921005666045,0.0983047858041186,0
0.447216649528209,0.0978165722474562,0
0.448512297783233,0.0973330497092959,0
0.449807935561498,0.0968541888456849,0
0.451103548407563,0.0963799603900502,0
0.452399122273792,0.0959103351571406,0
0.45369464351406,0.0954452840468337,0
0.454990098877408,0.0949847780478351,0
0.456285475501745,0.094528788241254,0
0.457580760907554,0.0940772858040602,0
0.458875942991698,0.0936302420124066,0
0.460171010021181,0.0931876282448554,0
0.461465950626942,0.0927494159854896,0
0.462760753797738,0.0923155768268949,0
0.46405540887401,0.0918860824730485,0
0.465349905541816,0.0914609047420863,0
0.466644233826762,0.0910400155689786,0
0.467938384088058,0.0906233870080734,0
0.46923234701251,0.0902109912355687,0
0.470526113608615,0.0898028005518623,0
0.4718196752007,0.0893987873838058,0
0.473113023423092,0.0889989242868632,0
0.474406150214362,0.0886031839471671,0
0.475699047811556,0.0882115391834935,0
0.476991708744529,0.0878239629491351,0
0.478284125830339,0.0874404283336753,0
0.479576292167655,0.0870609085646928,0
0.480868201131205,0.0866853770093675,0
0.482159846366348,0.0863138071760006,0
0.483451221783615,0.0859461727154562,0
0.484742321553389,0.0855824474225156,0
0.486033140100565,0.0852226052371562,0
0.487323672099286,0.0848666202457599,0
0.488613912467788,0.0845144666822225,0
0.489903856363239,0.0841661189290125,0
0.491193499176664,0.0838215515181428,0
0.492482836527902,0.0834807391320835,0
0.493771864260676,0.0831436566045872,0
0.4950605784377,0.0828102789214604,0
0.496348975335765,0.0824805812212745,0
0.497637051441017,0.0821545387959955,0
0.498924803444216,0.0818321270915587,0
0.500212228236051,0.0815133217083904,0
0.501499322902576,0.0811980984018515,0
0.502786084720608,0.080886433082648,0
0.504072511153291,0.0805783018171603,0
0.505358599845665,0.0802736808277333,0
0.506644348620245,0.0799725464929148,0
0.507929755472801,0.0796748753476248,0
0.50921481856807,0.0793806440832922,0
0.510499536235564,0.0790898295479406,0
0.51178390696546,0.0788024087462146,0
0.513067929404545,0.0785183588393731,0
0.514351602352205,0.0782376571452298,0
0.515634924756465,0.077960281138057,0
0.516917895710119,0.0776862084484416,0
0.51820051444691,0.0774154168631038,0
0.519482780337753,0.077147884324674,0
0.520764692887034,0.0768835889314348,0
0.522046251728927,0.076622508937027,0
0.523327456623859,0.0763646227501115,0
0.524608307454918,0.0761099089340096,0
0.525888804224428,0.0758583462062977,0
0.527168947050466,0.0756099134383826,0
0.528448736163546,0.0753645896550332,0
0.529728171903318,0.0751223540338875,0
0.531007254715255,0.0748831859049407,0
0.532285985147487,0.0746470647499904,0
0.533564363847702,0.0744139702020571,0
0.534842391559981,0.0741838820447931,0
0.536120069121805,0.0739567802118532,0
0.537397397461066,0.073732644786245,0
0.538674377593135,0.073511455999658,0
0.539951010617975,0.0732931942317744,0
0.541227297717318,0.0730778400095514,0
0.542503240151917,0.072865374006488,0
0.543778839258789,0.0726557770418747,0
0.545054096448547,0.0724490300800224,0
0.546329013202781,0.0722451142294732,0
0.547603591071479,0.0720440107421978,0
0.548877831670511,0.0718457010127734,0
0.550151736679133,0.0716501665775516,0
0.551425307837553,0.0714573891138081,0
0.552698546944578,0.0712673504388781,0
0.553971455855244,0.071080032509284,0
0.555244036478511,0.0708954174198487,0
0.556516290775062,0.070713487402793,0
0.557788220755061,0.0705342248268313,0
0.559059828475993,0.0703576121962504,0
0.560331116040585,0.0701836321499797,0
0.561602085594677,0.0700122674606554,0
0.562872739325238,0.0698435010336763,0
0.56414307945836,0.0696773159062462,0
0.565413108257294,0.0695136952464201,0
0.566682828020571,0.0693526223521304,0
0.567952241080103,0.0691940806502224,0
0.569221349799378,0.0690380536954682,0
0.570490156571664,0.0688845251695898,0
0.571758663818245,0.0687334788802688,0
0.573026873986721,0.0685848987601549,0
0.574294789549332,0.0684387688658709,0
0.575562413001304,0.0682950733770169,0
0.576829746859252,0.0681537965951647,0
0.578096793659622,0.068014922942861,0
0.579363555957136,0.0678784369626155,0
0.580630036323298,0.0677443233159011,0
0.58189623734494,0.0676125667821425,0
0.583162161622791,0.0674831522577058,0
0.584427811770049,0.067356064754896,0
0.585693190411033,0.0672312894009446,0
0.586958300179859,0.0671088114370001,0
0.588223143719113,0.0669886162171211,0
0.589487723678589,0.0668706892072719,0
0.590752042714036,0.0667550159843116,0
0.592016103485948,0.0666415822349959,0
0.593279908658384,0.0665303737549681,0
0.594543460897799,0.066421376447763,0
0.595806762871932,0.0663145763238086,0
0.597069817248689,0.0662099594994256,0
0.598332626695071,0.0661075121958402,0
0.599595193876141,0.066007220738191,0
0.600857521453978,0.0659090715545419,0
0.602119612086714,0.0658130511748976,0
0.603381468427536,0.0657191462302284,0
0.604643093123752,0.0656273434514876,0
0.605904488815872,0.0655376296686424,0
0.607165658136708,0.0654499918097076,0
0.608426603710491,0.0653644168997771,0
0.609687328152047,0.0652808920600695,0
0.610947834065945,0.0651994045069699,0
0.612208124045702,0.0651199415510785,0
0.613468200672981,0.065042490596272,0
0.614728066516866,0.0649670391387573,0
0.615987724133091,0.0648935747661376,0
0.617247176063318,0.0648220851564862,0
0.618506424834451,0.0647525580774171,0
0.619765472957948,0.0646849813851685,0
0.621024322929168,0.0646193430236918,0
0.62228297722671,0.0645556310237424,0
0.623541438311802,0.064493833501975,0
0.624799708627691,0.0644339386600522,0
0.626057790599066,0.0643759347837504,0
0.627315686631467,0.0643198102420794,0
0.628573399110753,0.0642655534864034,0
0.629830930402561,0.0642131530495696,0
0.631088282851758,0.0641625975450393,0
0.632345458781983,0.0641138756660334,0
0.633602460495143,0.0640669761846754,0
0.634859290270915,0.0640218879511507,0
0.636115950366313,0.0639785998928613,0
0.637372443015256,0.0639371010135883,0
0.638628770428122,0.0638973803926783,0
0.639884934791321,0.063859427184207,0
0.641140938266939,0.0638232306161766,0
0.642396782992318,0.0637887799897034,0
0.643652471079678,0.0637560646782144,0
0.644908004615792,0.0637250741266607,0
0.646163385661616,0.0636957978507224,0
0.647418616251951,0.0636682254360292,0
0.648673698395124,0.0636423465373887,0
0.649928634072702,0.0636181508780166,0
0.651183425239158,0.0635956282487761,0
0.652438073821617,0.0635747685074267,0
0.653692581719545,0.0635555615778658,0
0.65494695080451,0.0635379974494029,0
0.656201182919947,0.0635220661760151,0
0.65745527988085,0.0635077578756212,0
0.658709243473605,0.0634950627293598,0
0.659963075455739,0.0634839709808799,0
0.661216777555698,0.0634744729356323,0
0.662470351472662,0.0634665589601604,0
0.663723798876345,0.0634602194814113,0
0.664977121406794,0.0634554449860566,0
0.666230320674236,0.0634522260197925,0
0.667483398258898,0.0634505531866819,0
0.66873635571085,0.0634504171484753,0
0.669989194549845,0.0634518086239566,0
0.671241916265186,0.0634547183882798,0
0.672494522315607,0.0634591372723318,0
0.673747014129101,0.0634650561620731,0
0.67499939310284,0.0634724659979223,0
0.676251660603056,0.063481357774113,0
0.677503817964916,0.0634917225380623,0
0.678755866492433,0.0635035513897795,0
0.680007807458389,0.0635168354812331,0
0.681259642104241,0.0635315660157568,0
0.682511371640034,0.0635477342474497,0
0.683762997244328,0.0635653314805776,0
0.68501452006414,0.0635843490689942,0
0.686265941214907,0.0636047784155575,0
0.687517261780367,0.0636266109715672,0
0.688768482812589,0.0636498382361739,0
0.690019605331859,0.0636744517558398,0
0.691270630326695,0.0637004431237691,0
0.692521558753801,0.0637278039793591,0
0.693772391538006,0.063756526007672,0
0.69502312957229,0.0637866009388707,0
0.696273773717746,0.0638180205477008,0
0.697524324803557,0.0638507766529711,0
0.698774783627002,0.0638848611170079,0
0.700025150953448,0.063920265845176,0
0.701275427516348,0.0639569827853276,0
0.702525614017256,0.0639950039273292,0
0.703775711125818,0.0640343213025481,0
0.705025719479797,0.0640749269833617,0
0.7062756396851,0.0641168130826653,0
0.707525472315771,0.0641599717534044,0
0.708775217914036,0.0642043951880824,0
0.710024876990336,0.0642500756182859,0
0.711274450023327,0.064297005314243,0
0.712523937459958,0.0643451765843223,0
0.713773339715477,0.0643945817746058,0
0.715022657173467,0.0644452132684369,0
0.716271890185929,0.06449706348595,0
0.71752103907329,0.0645501248836818,0
0.71877010412447,0.064604389954057,0
0.72001908559693,0.0646598512250193,0
0.72126798371673,0.0647165012595766,0
0.72251679867859,0.0647743326554162,0
0.723765530645941,0.0648333380444159,0
0.725014179751002,0.0648935100922908,0
0.726262746094822,0.0649548414981896,0
0.727511229747373,0.0650173249942453,0
0.728759630747613,0.065080953345215,0
0.730007949103539,0.0651457193481047,0
0.731256184792288,0.0652116158316634,0
0.732504337760204,0.065278635656218,0
0.733752407922898,0.0653467717129876,0
0.735000395165349,0.0654160169240346,0
0.736248299341992,0.0654863642416847,0
0.737496120276768,0.0655578066486129,0
0.738743857763239,0.0656303371556709,0
0.739991511564671,0.0657039488048393,0
0.741239081414096,0.0657786346658639,0
0.742486567014438,0.0658543878371398,0
0.743733968038592,0.0659312014454002,0
0.744981284129488,0.0660090686451409,0
0.746228514900226,0.0660879826183646,0
0.747475659934153,0.0661679365742403,0
0.748722718784951,0.0662489237487649,0
0.749969690976737,0.0663309374044402,0
0.751216576004183,0.0664139708299454,0
0.752463373332586,0.0664980173398571,0
0.753710082397979,0.0665830702742432,0
0.754956702607247,0.0666691229984748,0
0.756203233338199,0.0667561689027922,0
0.7574496739397,0.0668442014020952,0
0.75869602373176,0.0669332139356174,0
0.759942282005637,0.0670231999665811,0
0.761188448023954,0.0671141529819925,0
0.762434521020789,0.0672060664922554,0
0.763680500201798,0.0672989340309525,0
0.764926384744313,0.0673927491545521,0
0.766172173797446,0.0674875054420982,0
0.767417866482212,0.0675831964949668,0
0.76866346189162,0.0676798159365667,0
0.769908959090791,0.0677773574120834,0
0.771154357117075,0.0678758145882202,0
0.772399654980154,0.0679751811529174,0
0.773644851662142,0.0680754508151058,0
0.774889946117713,0.0681766173044278,0
0.776134937274205,0.0682786743710134,0
0.777379824031732,0.0683816157852103,0
0.778624605263296,0.0684854353373425,0
0.779869279814896,0.0685901268374499,0
0.781113846505642,0.0686956841150636,0
0.78235830412787,0.0688021010189701,0
0.783602651447251,0.0689093714169478,0
0.7848468872029,0.0690174891955662,0
0.7860910101075,0.0691264482599388,0
0.787335018847407,0.0692362425334757,0
0.788578912082754,0.0693468659577104,0
0.789822688447575,0.0694583124920154,0
0.791066346549924,0.0695705761134299,0
0.792309884971972,0.0696836508164154,0
0.793553302270128,0.0697975306126617,0
0.794796596975141,0.0699122095308464,0
0.79603976759223,0.0700276816164454,0
0.797282812601192,0.0701439409315271,0
0.798525730456491,0.0702609815545545,0
0.799768519587402,0.0703787975801446,0
0.801011178398106,0.0704973831189079,0
0.802253705267799,0.0706167322972512,0
0.803496098550813,0.0707368392571514,0
0.804738356576718,0.0708576981559844,0
0.805980477650439,0.0709793031663537,0
0.807222460052368,0.0711016484758425,0
0.808464302038467,0.0712247282869024,0
0.809706001840373,0.0713485368166142,0
0.81094755766553,0.0714730682965304,0
0.812188967697284,0.0715983169724923,0
0.813430230094979,0.0717242771044596,0
0.814671342994092,0.0718509429663174,0
0.815912304506319,0.0719783088457228,0
0.817153112719699,0.072106369043925,0
0.818393765698715,0.0722351178756004,0
0.819634261484391,0.0723645496686806,0
0.820874598094414,0.072494658764196,0
0.822114773523241,0.0726254395161133,0
0.823354785742186,0.0727568862911572,0
0.824594632699543,0.0728889934686774,0
0.825834312320692,0.0730217554404784,0
0.827073822508178,0.0731551666106657,0
0.828313161141851,0.0732892213954887,0
0.82955232607895,0.0734239142232135,0
0.8307913151542,0.0735592395339342,0
0.832030126179922,0.0736951917794554,0
0.833268756946145,0.073831765423144,0
0.834507205220693,0.0739689549397684,0
0.835745468749282,0.0741067548153832,0
0.836983545255638,0.074245159547153,0
0.838221432441586,0.0743841636432548,0
0.839459127987149,0.0745237616227077,0
0.840696629550643,0.0746639480152547,0
0.841933934768789,0.0748047173612335,0
0.843171041256798,0.0749460642114173,0
0.84440794660847,0.0750879831269269,0
0.845644648396287,0.0752304686790575,0
0.846881144171524,0.0753735154491864,0
0.848117431464331,0.0755171180286301,0
0.849353507783818,0.0756612710185189,0
0.850589370618174,0.0758059690296857,0
0.851825017434741,0.0759512066825373,0
0.853060445680114,0.0760969786069361,0
0.854295652780235,0.0762432794420763,0
0.855530636140471,0.0763901038363858,0
0.856765393145719,0.0765374464473798,0
0.857999921160497,0.0766853019415806,0
0.859234217529026,0.0768336649943875,0
0.860468279575312,0.0769825302899582,0
0.861702104603247,0.0771318925211204,0
0.862935689896703,0.0772817463892469,0
0.86416903271959,0.0774320866041533,0
0.865402130315972,0.0775829078839929,0
0.866634979910137,0.077734204955155,0
0.867867578706683,0.0778859725521547,0
0.869099923890608,0.0780382054175418,0
0.870332012627384,0.0781908983017864,0
0.871563842063045,0.0783440459631876,0
0.87279540932428,0.0784976431677821,0
0.874026711518493,0.0786516846892325,0
0.875257745733888,0.0788061653087395,0
0.87648850903957,0.0789610798149501,0
0.877718998485602,0.0791164230038586,0
0.878949211103085,0.0792721896787212,0
0.880179143904245,0.0794283746499543,0
0.881408793882514,0.0795849727350514,0
0.882638158012587,0.0797419787585015,0
0.883867233250512,0.0798993875516885,0
0.885096016533764,0.080057193952804,0
0.886324504781314,0.080215392806777,0
0.887552694893713,0.080373978965175,0
0.888780583753151,0.0805329472861309,0
0.890008168223534,0.0806922926342479,0
0.891235445150559,0.0808520098805303,0
0.892462411361786,0.0810120939022966,0
0.893689063666697,0.0811725395831082,0
0.894915398856776,0.0813333418126788,0
0.896141413705572,0.0814944954868043,0
0.897367104968773,0.0816559955072908,0
0.898592469384259,0.0818178367818656,0
0.89981750367218,0.0819800142241187,0
0.901042204535022,0.0821425227534215,0
0.90226656865767,0.0823053572948547,0
0.903490592707464,0.0824685127791322,0
0.904714273334267,0.0826319841425419,0
0.905937607170533,0.0827957663268666,0
0.907160590831366,0.0829598542793136,0
0.908383220914577,0.0831242429524636,0
0.909605494000741,0.0832889273041758,0
0.910827406653266,0.0834539022975482,0
0.912048955418455,0.0836191629008337,0
0.913270136825545,0.0837847040873891,0
0.914490947386776,0.0839505208356015,0
0.915711383597454,0.0841166081288285,0
0.916931441936,0.0842829609553415,0
0.918151118863995,0.0844495743082575,0
0.919370410826251,0.0846164431854814,0
0.920589314250856,0.0847835625896417,0
0.921807825549227,0.0849509275280445,0
0.923025941116163,0.085118533012605,0
0.924243657329894,0.0852863740597898,0
0.925460970552134,0.0854544456905611,0
0.926677877128128,0.0856227429303312,0
0.927894373386705,0.0857912608088951,0
0.929110455640321,0.0859599943603806,0
0.930326120185108,0.0861289386231941,0
0.931541363300926,0.0862980886399715,0
0.932756181251396,0.0864674394575217,0
0.933970570283957,0.0866369861267807,0
0.935184526629906,0.0868067237027542,0
0.936398046504437,0.0869766472444675,0
0.937611126106696,0.0871467518149306,0
0.93882376161981,0.0873170324810712,0
0.940035949210929,0.0874874843136955,0
0.941247685031276,0.087658102387442,0
0.942458965216177,0.0878288817807363,0
0.943669785885104,0.0879998175757403,0
0.944880143141715,0.0881709048583042,0
0.946090033073885,0.0883421387179396,0
0.947299451753746,0.0885135142477554,0
0.948508395237722,0.0886850265444208,0
0.949716859566569,0.0888566707081326,0
0.950924840765403,0.0890284418425623,0
0.952132334843723,0.0892003350548159,0
0.953339337795469,0.0893723454553987,0
0.954545845599042,0.0895444681581728,0
0.955751854217314,0.0897166982803167,0
0.95695735959769,0.0898890309422872,0
0.958162357672127,0.0900614612677811,0
0.959366844357149,0.0902339843836981,0
0.96057081555389,0.0904065954201045,0
0.961774267148117,0.0905792895102008,0
0.962977195010253,0.0907520617902716,0
0.964179594995404,0.0909249073996714,0
0.965381462943385,0.0910978214807703,0
0.966582794678742,0.0912707991789315,0
0.96778358601077,0.0914438356424798,0
0.968983832733553,0.0916169260226572,0
0.970183530625961,0.0917900654736071,0
0.971382675451681,0.0919632491523206,0
0.972581262959247,0.0921364722186313,0
0.973779288882043,0.09230972983516,0
0.974976748938327,0.0924830171673086,0
0.976173638831253,0.0926563293832081,0
0.977369954248872,0.0928296616537035,0
0.978565690864174,0.0930030091523243,0
0.979760844335076,0.0931763670552515,0
0.980955410304444,0.093349730541295,0
0.982149384400124,0.0935230947918653,0
0.983342762234923,0.0936964549909483,0
0.984535539406639,0.0938698063250726,0
0.985727711498078,0.0940431439832991,0
0.986919274077048,0.0942164631571873,0
0.988110222696373,0.0943897590407631,0
0.989300552893903,0.0945630268305114,0
0.990490260192524,0.0947362617253475,0
0.991679340100158,0.0949094589265864,0
0.992867788109768,0.0950826136379342,0
0.994055599699373,0.095255721065455,0
0.995242770332035,0.0954287764175582,0
0.996429295455882,0.095601774904974,0
0.997615170504093,0.0957747117407344,0
0.998800390894897,0.0959475821401546,0
0.999984952031602,0.0961203813208148,0
1.00116884930256,0.0962931045025377,0
1.00235207808117,0.0964657469073788,0
1.00353463372591,0.0966383037595989,0
1.00471651158029,0.0968107702856572,0
1.00589770697286,0.0969831417141894,0
1.00707821521725,0.0971554132759909,0
1.00825803161207,0.097327580204007,0
1.00943715144101,0.0974996377333132,0
1.01061556997274,0.0976715811011069,0
1.01179328246097,0.0978434055466839,0
1.0129702841444,0.0980151063114351,0
1.01414657024673,0.0981866786388306,0
1.01532213597663,0.0983581177744055,0
1.01649697652774,0.0985294189657476,0
1.01767108707867,0.0987005774624931,0
1.01884446279295,0.0988715885163105,0
1.02001709881906,0.0990424473808903,0
1.02118899029036,0.0992131493119356,0
1.02236013232513,0.099383689567155,0
1.02353052002651,0.099554063406256,0
1.0247001484825,0.0997242660909332,0
1.02586901276594,0.0998942928848595,0
1.02703710793448,0.100064139053683,0
1.02820442903056,0.100233799865019,0
1.0293709710814,0.100403270588449,0
1.03053672909896,0.100572546495505,0
1.03170169807993,0.100741622859671,0
1.0328658730057,0.100910494956381,0
1.0340292488423,0.101079158063011,0
1.03519182054045,0.101247607458878,0
1.03635358303544,0.101415838425237,0
1.03751453124717,0.101583846245274,0
1.03867466008009,0.101751626204117,0
1.03983396442316,0.10191917358882,0
1.04099243914984,0.102086483688371,0
1.04215007911804,0.102253551793693,0
1.04330687917009,0.10242037319764,0
1.04446283413272,0.102586943195003,0
1.04561793881698,0.102753257082501,0
1.04677218801825,0.102919310158802,0
1.04792557651618,0.103085097724511,0
1.04907809907463,0.103250615082173,0
1.05022975044167,0.103415857536292,0
1.05138052534952,0.103580820393315,0
1.05253041851448,0.103745498961655,0
1.05367942463694,0.103909888551687,0
1.05482753840128,0.104073984475755,0
1.05597475447586,0.104237782048183,0
1.05712106751296,0.104401276585285,0
1.05826647214871,0.104564463405355,0
1.05941096300309,0.104727337828707,0
1.06055453467984,0.104889895177656,0
1.0616971817664,0.105052130776542,0
1.06283889883389,0.105214039951739,0
1.06397968043705,0.105375618031662,0
1.06511952111414,0.105536860346787,0
1.06625841538695,0.105697762229658,0
1.0673963577607,0.105858319014895,0
1.06853334272397,0.106018526039225,0
1.06966936474869,0.106178378641475,0
1.07080441829001,0.106337872162609,0
1.0719384977863,0.106497001945722,0
1.07307159765906,0.106655763336076,0
1.07420371231285,0.106814151681111,0
1.07533483613521,0.106972162330451,0
1.07646496349664,0.107129790635944,0
1.07759408875047,0.107287031951667,0
1.07872220623286,0.107443881633948,0
1.07984931026263,0.107600335041391,0
1.08097539514131,0.107756387534895,0
1.08210045515296,0.107912034477682,0
1.08322448456415,0.108067271235311,0
1.08434747762385,0.108222093175703,0
1.0854694285634,0.10837649566918,0
1.08659033159637,0.108530474088473,0
1.08771018091855,0.108684023808754,0
1.08882897070777,0.10883714020767,0
1.08994669512393,0.108989818665363,0
1.09106334830882,0.109142054564503,0
1.0921789243861,0.109293843290316,0
1.09329341746115,0.109445180230614,0
1.09440682162105,0.109596060775828,0
1.09551913093443,0.109746480319043,0
1.09663033945142,0.109896434256021,0
1.09774044120351,0.110045917985251,0
1.09884943020352,0.110194926907966,0
1.09995730044543,0.110343456428195,0
1.10106404590435,0.110491501952791,0
1.10216966053636,0.110639058891469,0
1.10327413827847,0.110786122656846,0
1.10437747304845,0.110932688664488,0
1.10547965874479,0.111078752332938,0
1.10658068924654,0.111224309083763,0
1.10768055841325,0.111369354341599,0
1.10877926008483,0.111513883534199,0
1.10987678808145,0.111657892092466,0
1.11097313620342,0.111801375450504,0
1.11206829823109,0.111944329045672,0
1.11316226792473,0.112086748318622,0
1.1142550390244,0.112228628713355,0
1.11534660524985,0.112369965677267,0
1.1164369603004,0.112510754661205,0
1.11752609785479,0.11265099111951,0
1.1186140115711,0.112790670510087,0
1.11970069508658,0.112929788294447,0
1.12078614201755,0.113068339937764,0
1.12187034595928,0.113206320908939,0
1.12295330048583,0.113343726680655,0
1.12403499914993,0.113480552729437,0
1.12511543548286,0.113616794535707,0
1.12619460299429,0.113752447583866,0
1.12727249517217,0.113887507362334,0
1.12834910548256,0.114021969363629,0
1.12942442736951,0.114155829084434,0
1.13049845425491,0.114289082025658,0
1.13157117953835,0.114421723692511,0
1.13264259659696,0.11455374959457,0
1.13371269878527,0.114685155245864,0
1.13478147943506,0.114815936164926,0
1.13584893185521,0.114946087874889,0
1.13691504933154,0.115075605903552,0
1.13797982512665,0.115204485783461,0
1.13904325247975,0.115332723051991,0
1.14010532460654,0.115460313251422,0
1.14116603469902,0.115587251929031,0
1.14222537592529,0.115713534637167,0
1.14328334142947,0.115839156933348,0
1.14433992433145,0.11596411438034,0
1.14539511772674,0.116088402546252,0
1.14644891468634,0.116212017004631,0
1.1475013082565,0.116334953334545,0
1.14855229145858,0.116457207120691,0
1.14960185728888,0.116578773953486,0
1.15064999871841,0.116699649429164,0
1.15169670869276,0.116819829149885,0
1.15274198013188,0.116939308723828,0
1.15378580592991,0.117058083765308,0
1.15482817895498,0.117176149894875,0
1.155869092049,0.117293502739422,0
1.15690853802751,0.117410137932304,0
1.15794650967942,0.117526051113448,0
1.15898299976687,0.117641237929466,0
1.160018001025,0.117755694033773,0
1.16105150616173,0.117869415086715,0
1.16208350785757,0.117982396755681,0
1.16311399876544,0.118094634715236,0
1.16414297151038,0.118206124647243,0
1.16517041868941,0.118316862240996,0
1.16619633287128,0.118426843193352,0
1.16722070659625,0.118536063208855,0
1.16824353237589,0.118644517999897,0
1.16926480269279,0.118752203286834,0
1.17028451000044,0.118859114798133,0
1.17130264672291,0.118965248270535,0
1.17231920525463,0.119070599449178,0
1.17333417796021,0.11917516408776,0
1.17434755717414,0.119278937948691,0
1.17535933520058,0.119381916803257,0
1.1763695043131,0.119484096431756,0
1.17737805675446,0.119585472623688,0
1.17838498473635,0.119686041177899,0
1.1793902804391,0.119785797902767,0
1.1803939360115,0.119884738616353,0
1.18139594357047,0.119982859146588,0
1.18239629520086,0.120080155331457,0
1.18339498295513,0.120176623019157,0
1.18439199885315,0.120272258068317,0
1.18538733488187,0.120367056348142,0
1.18638098299507,0.120461013738643,0
1.18737293511311,0.12055412613081,0
1.18836318312262,0.120646389426818,0
1.18935171887623,0.120737799540225,0
1.19033853419231,0.12082835239618,0
1.19132362085463,0.120918043931637,0
1.19230697061212,0.121006870095564,0
1.19328857517858,0.121094826849154,0
1.19426842623232,0.121181910166059,0
1.19524651541596,0.12126811603261,0
1.19622283433603,0.121353440448046,0
1.19719737456275,0.12143787942474,0
1.19817012762965,0.121521428988459,0
1.19914108503331,0.121604085178581,0
1.20011023823302,0.121685844048362,0
1.20107757865049,0.121766701665177,0
1.20204309766948,0.121846654110779,0
1.20300678663554,0.121925697481555,0
1.20396863685561,0.122003827888808,0
1.20492863959776,0.122081041459,0
1.20588678609081,0.12215733433406,0
1.20684306752402,0.122232702671635,0
1.20779747504673,0.122307142645396,0
1.20874999976803,0.122380650445321,0
1.2097006327564,0.122453222277995,0
1.21064936503937,0.122524854366901,0
1.21159618760316,0.122595542952744,0
1.21254109139234,0.122665284293749,0
1.21348406730945,0.122734074665993,0
1.21442510621464,0.122801910363722,0
1.21536419892531,0.122868787699673,0
1.21630133621573,0.122934703005429,0
1.21723650881667,0.122999652631752,0
1.21816970741503,0.123063632948926,0
1.21910092265345,0.123126640347124,0
1.22003014512993,0.123188671236775,0
1.22095736539744,0.1232497220489,0
1.22188257396352,0.123309789235524,0
1.22280576128992,0.123368869270045,0
1.22372691779213,0.123426958647615,0
1.22464603383908,0.123484053885554,0
1.22556309975264,0.123540151523728,0
1.22647810580726,0.123595248124986,0
1.22739104222956,0.123649340275566,0
1.22830189919789,0.123702424585517,0
1.22921066684193,0.123754497689148,0
1.23011733524226,0.123805556245449,0
1.23102189442994,0.123855596938554,0
1.23192433438606,0.123904616478213,0
1.23282464504135,0.123952611600212,0
1.2337228162757,0.123999579066918,0
1.23461883791773,0.124045515667686,0
1.23551269974438,0.12409041821942,0
1.23640439148041,0.124134283567008,0
1.23729390279801,0.124177108583917,0
1.23818122331628,0.124218890172623,0
1.23906634260083,0.124259625265197,0
1.23994925016331,0.124299310823839,0
1.24082993546092,0.124337943841402,0
1.24170838789595,0.124375521341979,0
1.24258459681536,0.12441204038145,0
1.24345855151022,0.124447498048085,0
1.24433024121533,0.124481891463102,0
1.24519965510867,0.124515217781314,0
1.24606678231094,0.124547474191684,0
1.2469316118851,0.124578657917999,0
1.24779413283585,0.124608766219496,0
1.24865433410913,0.124637796391472,0
1.24951220459169,0.124665745765978,0
1.25036773311053,0.124692611712471,0
1.25122090843241,0.124718391638504,0
1.2520717192634,0.124743082990432,0
1.2529201542483,0.124766683254093,0
1.25376620197019,0.12478918995556,0
1.25460985094991,0.124810600661815,0
1.25545108964552,0.124830912981585,0
1.25628990645185,0.124850124566019,0
1.25712628969991,0.124868233109517,0
1.25796022765641,0.124885236350482,0
1.25879170852325,0.124901132072163,0
1.25962072043698,0.124915918103398,0
1.26044725146828,0.124929592319536,0
1.26127128962145,0.124942152643238,0
1.26209282283387,0.124953597045318,0
1.26291183897547,0.124963923545664,0
1.26372832584822,0.124973130214106,0
1.26454227118556,0.124981215171315,0
1.26535366265193,0.124988176589787,0
1.26616248784219,0.124994012694696,0
1.26696873428111,0.124998721764928,0
1.26777238942283,0.125002302134055,0
1.26857344065032,0.125004752191264,0
1.26937187527486,0.12500607038239,0
1.27016768053553,0.125006255211042,0
1.27096084359861,0.125005305239544,0
1.27175135155711,0.125003219089885,0
1.27260992017238,0.125003287294183,0
