0.562581860291443,0.676459925399938,0
0.562583987294608,0.675215238613482,0
0.562590362881107,0.67397290199374,0
0.562600978916447,0.672732913327678,0
0.562615827266134,0.671495270402262,0
0.562634899795673,0.670259971004457,0
0.562658188370571,0.66902701292123,0
0.562685684856334,0.667796393939545,0
0.562717381118468,0.66656811184637,0
0.562753269022479,0.665342164428668,0
0.562793340433873,0.664118549473407,0
0.562837587218156,0.662897264767552,0
0.562886001240835,0.661678308098068,0
0.562938574367416,0.660461677251921,0
0.562995298463404,0.659247370016077,0
0.563056165394306,0.658035384177502,0
0.563121167025628,0.656825717523162,0
0.563190295222875,0.655618367840021,0
0.563263541851555,0.654413332915046,0
0.563340898777173,0.653210610535203,0
0.563422357865235,0.652010198487457,0
0.563507910981247,0.650812094558775,0
0.563597549990716,0.649616296536121,0
0.563691266759148,0.648422802206461,0
0.563789053152048,0.647231609356761,0
0.563890901034923,0.646042715773988,0
0.563996802273279,0.644856119245106,0
0.564106748732622,0.643671817557081,0
0.564220732278459,0.642489808496879,0
0.564338744776294,0.641310089851466,0
0.564460778091635,0.640132659407808,0
0.564586824089987,0.638957514952869,0
0.564716874636857,0.637784654273617,0
0.56485092159775,0.636614075157016,0
0.564988956838173,0.635445775390032,0
0.565130972223632,0.634279752759631,0
0.565276959619633,0.63311600505278,0
0.565426910891682,0.631954530056442,0
0.565580817905286,0.630795325557585,0
0.565738672525949,0.629638389343174,0
0.565900466619179,0.628483719200174,0
0.566066192050482,0.627331312915552,0
0.566235840685363,0.626181168276273,0
0.566409404389329,0.625033283069303,0
0.566586875027885,0.623887655081607,0
0.566768244466539,0.622744282100151,0
0.566953504570795,0.621603161911901,0
0.567142647206161,0.620464292303823,0
0.567335664238142,0.619327671062883,0
0.567532547532244,0.618193295976045,0
0.567733288953974,0.617061164830276,0
0.567937880368838,0.615931275412542,0
0.56814631364234,0.614803625509808,0
0.568358580639989,0.61367821290904,0
0.56857467322729,0.612555035397203,0
0.568794583269749,0.611434090761264,0
0.569018302632872,0.610315376788188,0
0.569245823182165,0.609198891264941,0
0.569477136783134,0.608084631978489,0
0.569712235301286,0.606972596715797,0
0.569951110602126,0.60586278326383,0
0.570193754551162,0.604755189409556,0
0.570440159013897,0.603649812939939,0
0.57069031585584,0.602546651641945,0
0.570944216942495,0.60144570330254,0
0.57120185413937,0.600346965708689,0
0.571463219311969,0.599250436647359,0
0.571728304325801,0.598156113905514,0
0.571997101046369,0.597063995270122,0
0.572269601339181,0.595974078528147,0
0.572545797069742,0.594886361466555,0
0.572825680103559,0.593800841872312,0
0.573109242306138,0.592717517532383,0
0.573396475542985,0.591636386233735,0
0.573687371679606,0.590557445763333,0
0.573981922581507,0.589480693908143,0
0.574280120114194,0.58840612845513,0
0.574581956143174,0.58733374719126,0
0.574887422533952,0.586263547903499,0
0.575196511152035,0.585195528378813,0
0.575509213862928,0.584129686404167,0
0.575825522532138,0.583066019766527,0
0.576145429025171,0.582004526252859,0
0.576468925207533,0.580945203650129,0
0.576796002944729,0.579888049745302,0
0.577126654102268,0.578833062325343,0
0.577460870545653,0.577780239177219,0
0.577798644140392,0.576729578087896,0
0.57813996675199,0.575681076844339,0
0.578484830245954,0.574634733233513,0
0.57883322648779,0.573590545042385,0
0.579185147343003,0.57254851005792,0
0.579540584677101,0.571508626067085,0
0.579899530355588,0.570470890856843,0
0.580261976243972,0.569435302214163,0
0.580627914207758,0.568401857926008,0
0.580997336112452,0.567370555779345,0
0.581370233823561,0.56634139356114,0
0.58174659920659,0.565314369058358,0
0.582126424127046,0.564289480057965,0
0.582509700450434,0.563266724346926,0
0.582896420042262,0.562246099712208,0
0.583286574768035,0.561227603940777,0
0.583680156493258,0.560211234819597,0
0.584077157083439,0.559196990135634,0
0.584477568404084,0.558184867675855,0
0.584881382320697,0.557174865227225,0
0.585288590698786,0.556166980576709,0
0.585699185403857,0.555161211511274,0
0.586113158301416,0.554157555817886,0
0.586530501256968,0.553156011283509,0
0.586951206136021,0.552156575695109,0
0.587375264804079,0.551159246839653,0
0.58780266912665,0.550164022504106,0
0.588233410969239,0.549170900475434,0
0.588667482197352,0.548179878540602,0
0.589104874676496,0.547190954486576,0
0.589545580272176,0.546204126100322,0
0.589989590849899,0.545219391168806,0
0.590436898275171,0.544236747478993,0
0.590887494413498,0.54325619281785,0
0.591341371130385,0.54227772497234,0
0.59179852029134,0.541301341729432,0
0.592258933761868,0.54032704087609,0
0.592722603407476,0.539354820199279,0
0.593189521093669,0.538384677485966,0
0.593659678685953,0.537416610523117,0
0.594133068049835,0.536450617097696,0
0.594609681050821,0.535486694996671,0
0.595089509554417,0.534524842007006,0
0.595572545426129,0.533565055915667,0
0.596058780531462,0.53260733450962,0
0.596548206735924,0.531651675575831,0
0.597040815905021,0.530698076901265,0
0.597536599904257,0.529746536272888,0
0.59803555059914,0.528797051477666,0
0.598537659855176,0.527849620302565,0
0.599042919537871,0.526904240534549,0
0.59955132151273,0.525960909960586,0
0.60006285764526,0.52501962636764,0
0.600577519800968,0.524080387542678,0
0.601095299845358,0.523143191272665,0
0.601616189643938,0.522208035344567,0
0.602140181062213,0.521274917545349,0
0.60266726596569,0.520343835661978,0
0.603197436219874,0.519414787481419,0
0.603730683690272,0.518487770790637,0
0.604267000242389,0.517562783376599,0
0.604806377741733,0.516639823026269,0
0.605348808053808,0.515718887526615,0
0.605894283044122,0.514799974664601,0
0.60644279457818,0.513883082227194,0
0.606994334521488,0.512968208001359,0
0.607548894739552,0.512055349774061,0
0.608106467097879,0.511144505332267,0
0.608667043461975,0.510235672462942,0
0.609230615697345,0.509328848953052,0
0.609797175669497,0.508424032589562,0
0.610366715243935,0.507521221159439,0
0.610939226286166,0.506620412449648,0
0.611514700661697,0.505721604247154,0
0.612093130236032,0.504824794338924,0
0.61267450687468,0.503929980511924,0
0.613258822443144,0.503037160553118,0
0.613846068806932,0.502146332249472,0
0.61443623783155,0.501257493387954,0
0.615029321382504,0.500370641755527,0
0.6156253113253,0.499485775139158,0
0.616224199525443,0.498602891325812,0
0.616825977848441,0.497721988102456,0
0.617430638159799,0.496843063256054,0
0.618038172325023,0.495966114573574,0
0.61864857220962,0.495091139841979,0
0.619261829679096,0.494218136848237,0
0.619877936598956,0.493347103379312,0
0.620496884834706,0.492478037222171,0
0.621118666251854,0.49161093616378,0
0.621743272715904,0.490745797991103,0
0.622370696092364,0.489882620491107,0
0.623000928246739,0.489021401450757,0
0.623633961044535,0.488162138657019,0
0.624269786351259,0.487304829896859,0
0.624908396032416,0.486449472957243,0
0.625549781953513,0.485596065625136,0
0.626193935980055,0.484744605687504,0
0.626840849977549,0.483895090931313,0
0.627490515811502,0.483047519143528,0
0.628142925347418,0.482201888111115,0
0.628798070450804,0.48135819562104,0
0.629455942987167,0.480516439460269,0
0.630116534822012,0.479676617415767,0
0.630779837820845,0.4788387272745,0
0.631445843849173,0.478002766823434,0
0.632114544772502,0.477168733849534,0
0.632785932456338,0.476336626139766,0
0.633459998766186,0.475506441481096,0
0.634136735567553,0.47467817766049,0
0.634816134725945,0.473851832464913,0
0.635498188106869,0.473027403681331,0
0.63618288757583,0.472204889096709,0
0.636870224998335,0.471384286498015,0
0.637560192239888,0.470565593672212,0
0.638252781165998,0.469748808406268,0
0.638947983642169,0.468933928487146,0
0.639645791533909,0.468120951701815,0
0.640346196706722,0.467309875837238,0
0.641049191026115,0.466500698680382,0
0.641754766357594,0.465693418018213,0
0.642462914566666,0.464888031637696,0
0.643173627518836,0.464084537325796,0
0.64388689707961,0.463282932869481,0
0.644602715114496,0.462483216055715,0
0.645321073488997,0.461685384671463,0
0.646041964068622,0.460889436503693,0
0.646765378718875,0.460095369339369,0
0.647491309305264,0.459303180965457,0
0.648219747693294,0.458512869168924,0
0.64895068574847,0.457724431736734,0
0.649684115336301,0.456937866455853,0
0.65042002832229,0.456153171113247,0
0.651158416571946,0.455370343495883,0
0.651899271950773,0.454589381390724,0
0.652642586324277,0.453810282584738,0
0.653388351557966,0.45303304486489,0
0.654136559517344,0.452257666018146,0
0.654887202067919,0.451484143831471,0
0.655640271075196,0.450712476091831,0
0.656395758404681,0.449942660586192,0
0.65715365592188,0.44917469510152,0
0.6579139554923,0.44840857742478,0
0.658676648981446,0.447644305342938,0
0.659441728254826,0.446881876642959,0
0.660209185177944,0.44612128911181,0
0.660979011616307,0.445362540536457,0
0.661751199435421,0.444605628703864,0
0.662525740500792,0.443850551400997,0
0.663302626677927,0.443097306414823,0
0.664081849832331,0.442345891532307,0
0.66486340182951,0.441596304540415,0
0.665647274534971,0.440848543226112,0
0.66643345981422,0.440102605376364,0
0.667221949532762,0.439358488778137,0
0.668012735556104,0.438616191218397,0
0.668805809749752,0.437875710484109,0
0.669601163979213,0.437137044362239,0
0.670398790109991,0.436400190639753,0
0.671198680007594,0.435665147103617,0
0.672000825537527,0.434931911540795,0
0.672805218565298,0.434200481738255,0
0.67361185095641,0.433470855482961,0
0.674420714576371,0.432743030561879,0
0.675231801290687,0.432017004761976,0
0.676045102964864,0.431292775870216,0
0.676860611464408,0.430570341673566,0
0.677678318654826,0.429849699958991,0
0.678498216401622,0.429130848513457,0
0.679320296570304,0.42841378512393,0
0.680144551026377,0.427698507577375,0
0.680970971635348,0.426985013660758,0
0.681799550262723,0.426273301161045,0
0.682630278774007,0.425563367865201,0
0.683463149034708,0.424855211560193,0
0.68429815291033,0.424148830032985,0
0.685135282266381,0.423444221070545,0
0.685974528968366,0.422741382459836,0
0.686815884881791,0.422040311987826,0
0.687659341872162,0.42134100744148,0
0.688504891804987,0.420643466607763,0
0.689352526545769,0.419947687273641,0
0.690202237960017,0.419253667226081,0
0.691054017913235,0.418561404252047,0
0.69190785827093,0.417870896138505,0
0.692763750898609,0.417182140672422,0
0.693621687661777,0.416495135640763,0
0.69448166042594,0.415809878830493,0
0.695343661056604,0.415126368028578,0
0.696207681419276,0.414444601021985,0
0.697073713379461,0.413764575597678,0
0.697941748802667,0.413086289542624,0
0.698811779554398,0.412409740643787,0
0.699683797500161,0.411734926688135,0
0.700557794505462,0.411061845462632,0
0.701433762435807,0.410390494754245,0
0.702311693156702,0.409720872349938,0
0.703191578533654,0.409052976036679,0
0.704073410432168,0.408386803601431,0
0.704957180717751,0.407722352831162,0
0.705842881255908,0.407059621512837,0
0.706730503912147,0.406398607433422,0
0.707620040551972,0.405739308379882,0
0.70851148304089,0.405081722139183,0
0.709404823244407,0.40442584649829,0
0.71030005302803,0.40377167924417,0
0.711197164257264,0.403119218163789,0
0.712096148797615,0.402468461044111,0
0.71299699851459,0.401819405672103,0
0.713899705273694,0.40117204983473,0
0.714804260940434,0.400526391318959,0
0.715710657380316,0.399882427911754,0
0.716618886458846,0.399240157400082,0
0.71752894004153,0.398599577570908,0
0.718440809993874,0.397960686211198,0
0.719354488181384,0.397323481107917,0
0.720269966469567,0.396687960048032,0
0.721187236723928,0.396054120818508,0
0.722106290809974,0.395421961206311,0
0.723027120593211,0.394791478998406,0
0.723949717939144,0.39416267198176,0
0.72487407471328,0.393535537943338,0
0.725800182781126,0.392910074670105,0
0.726728034008186,0.392286279949028,0
0.727657620259968,0.391664151567072,0
0.728588933401977,0.391043687311202,0
0.72952196529972,0.390424884968386,0
0.730456707818702,0.389807742325587,0
0.73139315282443,0.389192257169773,0
0.732331292182409,0.388578427287908,0
0.733271117758146,0.387966250466959,0
0.734212621417147,0.38735572449389,0
0.735155795024919,0.386746847155669,0
0.736100630446966,0.386139616239261,0
0.737047119548796,0.38553402953163,0
0.737995254195914,0.384930084819744,0
0.738945026253827,0.384327779890567,0
0.739896427588041,0.383727112531066,0
0.740849450064061,0.383128080528206,0
0.741804085547394,0.382530681668953,0
0.742760325903546,0.381934913740273,0
0.743718162998022,0.38134077452913,0
0.74467758869633,0.380748261822492,0
0.745638594863976,0.380157373407324,0
0.746601173366464,0.379568107070591,0
0.747565316069302,0.378980460599259,0
0.748531014837996,0.378394431780295,0
0.749498261538052,0.377810018400663,0
0.750467048034975,0.377227218247329,0
0.751437366194272,0.376646029107259,0
0.752409207881449,0.376066448767419,0
0.753382564962012,0.375488475014775,0
0.754357429301468,0.374912105636292,0
0.755333792765321,0.374337338418936,0
0.75631164721908,0.373764171149672,0
0.757290984528248,0.373192601615467,0
0.758271796558333,0.372622627603286,0
0.759254075174841,0.372054246900094,0
0.760237812243278,0.371487457292859,0
0.76122299962915,0.370922256568544,0
0.762209629197963,0.370358642514117,0
0.763197692815223,0.369796612916542,0
0.764187182346436,0.369236165562786,0
0.765178089657109,0.368677298239813,0
0.766170406612747,0.368120008734591,0
0.767164125078857,0.367564294834084,0
0.768159236920944,0.367010154325258,0
0.769155734004516,0.366457584995079,0
0.770153608195077,0.365906584630513,0
0.771152851358134,0.365357151018526,0
0.772153455359193,0.364809281946082,0
0.773155412063761,0.364262975200149,0
0.774158713337343,0.363718228567691,0
0.775163351045445,0.363175039835674,0
0.776169317053574,0.362633406791065,0
0.777176603227236,0.362093327220828,0
0.778185201431936,0.361554798911929,0
0.779195103533182,0.361017819651335,0
0.780206301396478,0.36048238722601,0
0.781218786887331,0.359948499422922,0
0.782232551871248,0.359416154029034,0
0.783247588213733,0.358885348831314,0
0.784263887780294,0.358356081616726,0
0.785281442436437,0.357828350172237,0
0.786300244047668,0.357302152284812,0
0.787320284479491,0.356777485741416,0
0.788341555597415,0.356254348329017,0
0.789364049266945,0.355732737834579,0
0.790387757353587,0.355212652045068,0
0.791412671722847,0.354694088747449,0
0.792438784240231,0.354177045728689,0
0.793466086771246,0.353661520775754,0
0.794494571181397,0.353147511675608,0
0.79552422933619,0.352635016215218,0
0.796555053101133,0.352124032181549,0
0.79758703434173,0.351614557361568,0
0.798620164923488,0.351106589542239,0
0.799654436711913,0.350600126510529,0
0.800689841572511,0.350095166053403,0
0.801726371370788,0.349591705957826,0
0.802764017972251,0.349089744010766,0
0.803802773242405,0.348589277999187,0
0.804842629046756,0.348090305710055,0
0.805883577250812,0.347592824930336,0
0.806925609720076,0.347096833446995,0
0.807968718320057,0.346602329046999,0
0.80901289491626,0.346109309517313,0
0.810058131374191,0.345617772644902,0
0.811104419559356,0.345127716216733,0
0.812151751337261,0.344639138019771,0
0.813200118573413,0.344152035840982,0
0.814249513133317,0.343666407467331,0
0.81529992688248,0.343182250685785,0
0.816351351686407,0.342699563283309,0
0.817403779410605,0.342218343046868,0
0.81845720192058,0.341738587763429,0
0.819511611081838,0.341260295219957,0
0.820566998759886,0.340783463203418,0
0.821623356820228,0.340308089500777,0
0.822680677128372,0.339834171899001,0
0.823738951549823,0.339361708185055,0
0.824798171950088,0.338890696145904,0
0.825858330194673,0.338421133568515,0
0.826919418149083,0.337953018239853,0
0.827981427678825,0.337486347946884,0
0.829044350649405,0.337021120476574,0
0.830108178926329,0.336557333615888,0
0.831172904375104,0.336094985151792,0
0.832238518861235,0.335634072871252,0
0.833305014250228,0.335174594561233,0
0.834372382407589,0.334716548008702,0
0.835440615198826,0.334259931000623,0
0.836509704489442,0.333804741323963,0
0.837579642144946,0.333350976765688,0
0.838650420030843,0.332898635112762,0
0.839722030012639,0.332447714152153,0
0.840794463955839,0.331998211670824,0
0.841867713725952,0.331550125455743,0
0.842941771188481,0.331103453293875,0
0.844016628208934,0.330658192972186,0
0.845092276652817,0.330214342277641,0
0.846168708385635,0.329771898997206,0
0.847245915272895,0.329330860917847,0
0.848323889180103,0.32889122582653,0
0.849402621972765,0.328452991510219,0
0.850482105516387,0.328016155755882,0
0.851562331676475,0.327580716350484,0
0.852643292318536,0.327146671080989,0
0.853724979308074,0.326714017734365,0
0.854807384510598,0.326282754097577,0
0.855890499791612,0.32585287795759,0
0.856974317016623,0.325424387101371,0
0.858058828051137,0.324997279315885,0
0.859144024760659,0.324571552388097,0
0.860229899010697,0.324147204104974,0
0.861316442666756,0.323724232253481,0
0.862403647594342,0.323302634620583,0
0.863491505658962,0.322882408993248,0
0.864580008726121,0.322463553158439,0
0.865669148661326,0.322046064903124,0
0.866758917330082,0.321629942014267,0
0.867849306597896,0.321215182278835,0
0.868940308330274,0.320801783483793,0
0.870031914392722,0.320389743416107,0
0.871124116650746,0.319979059862743,0
0.872216906969853,0.319569730610666,0
0.873310277215547,0.319161753446841,0
0.874404219253337,0.318755126158236,0
0.875498724948726,0.318349846531815,0
0.876593786167223,0.317945912354545,0
0.877689394774332,0.31754332141339,0
0.87878554263556,0.317142071495317,0
0.879882221616413,0.316742160387291,0
0.880979423582398,0.316343585876278,0
0.882077140399019,0.315946345749244,0
0.883175363931784,0.315550437793155,0
0.884274086046197,0.315155859794975,0
0.885373298607767,0.314762609541672,0
0.886472993481998,0.31437068482021,0
0.887573162534397,0.313980083417556,0
0.88867379763047,0.313590803120675,0
0.889774890635723,0.313202841716533,0
0.890876433415661,0.312816196992095,0
0.891978417835792,0.312430866734327,0
0.893080835761621,0.312046848730195,0
0.894183679058654,0.311664140766666,0
0.895286939592398,0.311282740630703,0
0.896390609228359,0.310902646109274,0
0.897494679832042,0.310523854989343,0
0.898599143268954,0.310146365057877,0
0.8997039914046,0.309770174101841,0
0.900809216104489,0.309395279908201,0
0.901914809234123,0.309021680263923,0
0.903020762659012,0.308649372955972,0
0.904127068244659,0.308278355771315,0
0.905233717856572,0.307908626496916,0
0.906340703360256,0.307540182919742,0
0.907448016621218,0.307173022826758,0
0.908555649504964,0.30680714400493,0
0.909663593877,0.306442544241224,0
0.910771841602832,0.306079221322606,0
0.911880384547965,0.30571717303604,0
0.912989214577907,0.305356397168493,0
0.914098323558163,0.304996891506931,0
0.91520770335424,0.30463865383832,0
0.916317345831643,0.304281681949624,0
0.917427242855878,0.30392597362781,0
0.918537386292452,0.303571526659843,0
0.919647768006872,0.30321833883269,0
0.920758379864641,0.302866407933316,0
0.921869213731269,0.302515731748686,0
0.922980261472259,0.302166308065767,0
0.924091514953118,0.301818134671523,0
0.925202966039353,0.301471209352922,0
0.926314606596469,0.301125529896928,0
0.927426428489973,0.300781094090507,0
0.92853842358537,0.300437899720625,0
0.929650583748167,0.300095944574247,0
0.93076290084387,0.29975522643834,0
0.931875366737985,0.29941574309987,0
0.932987973296018,0.299077492345801,0
0.934100712383476,0.298740471963099,0
0.935213575865863,0.298404679738731,0
0.936326555608687,0.298070113459661,0
0.937439643477454,0.297736770912857,0
0.938552831337669,0.297404649885282,0
0.939666111054838,0.297073748163904,0
0.940779474494469,0.296744063535688,0
0.941892913522067,0.296415593787599,0
0.943006420003137,0.296088336706603,0
0.944119985803187,0.295762290079667,0
0.945233602787722,0.295437451693755,0
0.946347262822248,0.295113819335833,0
0.947460957772272,0.294791390792868,0
0.9485746795033,0.294470163851824,0
0.949688419880837,0.294150136299668,0
0.95080217077039,0.293831305923366,0
0.951915924037465,0.293513670509882,0
0.953029671547567,0.293197227846183,0
0.954143405166204,0.292881975719234,0
0.955257116758881,0.292567911916002,0
0.956370798191105,0.292255034223451,0
0.957484441328381,0.291943340428548,0
0.958598038036215,0.291632828318259,0
0.959711580180114,0.291323495679548,0
0.960825059625584,0.291015340299382,0
0.96193846823813,0.290708359964727,0
0.96305179788326,0.290402552462548,0
0.964165040426478,0.29009791557981,0
0.965278187733292,0.289794447103481,0
0.966391231669207,0.289492144820524,0
0.96750416409973,0.289191006517907,0
0.968616976890366,0.288891029982594,0
0.969729661906621,0.288592213001552,0
0.970842211014002,0.288294553361746,0
0.971954616078015,0.287998048850142,0
0.973066868964166,0.287702697253706,0
0.974178961537961,0.287408496359403,0
0.975290885664906,0.287115443954199,0
0.976402633210508,0.28682353782506,0
0.977514196040272,0.286532775758951,0
0.978625566019704,0.286243155542839,0
0.97973673501431,0.285954674963688,0
0.980847694889598,0.285667331808465,0
0.981958437511072,0.285381123864136,0
0.983068954744239,0.285096048917666,0
0.984179238454605,0.28481210475602,0
0.985289280507676,0.284529289166165,0
0.986399072768958,0.284247599935066,0
0.987508607103957,0.283967034849689,0
0.98861787537818,0.283687591697,0
0.989726869457133,0.283409268263965,0
0.990835581206321,0.283132062337548,0
0.99194400249125,0.282855971704716,0
0.993052125177428,0.282580994152435,0
0.99415994113036,0.28230712746767,0
0.995267442215551,0.282034369437387,0
0.996374620298509,0.281762717848552,0
0.997481467244739,0.28149217048813,0
0.998587974919747,0.281222725143087,0
0.99969413518904,0.28095437960039,0
1.00079993991812,0.280687131647002,0
1.0019053809725,0.280420979069891,0
1.00301045021769,0.280155919656023,0
1.00411513951918,0.279891951192361,0
1.00521944074248,0.279629071465874,0
1.00632334575311,0.279367278263525,0
1.00742684641657,0.279106569372281,0
1.00852993459836,0.278846942579108,0
1.00963260216398,0.278588395670972,0
1.01073484097896,0.278330926434837,0
1.01183664290878,0.27807453265767,0
1.01293799981896,0.277819212126436,0
1.01403890357501,0.277564962628102,0
1.01513934604243,0.277311781949633,0
1.01623931908672,0.277059667877994,0
1.01733881457339,0.276808618200151,0
1.01843782436796,0.276558630703071,0
1.01953634033592,0.276309703173718,0
1.02063435434277,0.276061833399059,0
1.02173185825404,0.275815019166059,0
1.02282884393521,0.275569258261685,0
1.02392530325181,0.2753245484729,0
1.02502122806933,0.275080887586672,0
1.02611661025328,0.274838273389966,0
1.02721144166917,0.274596703669748,0
1.0283057141825,0.274356176212984,0
1.02939941965879,0.274116688806638,0
1.03049254996352,0.273878239237678,0
1.03158509696222,0.273640825293069,0
1.03267705252039,0.273404444759775,0
1.03376840850353,0.273169095424764,0
1.03485915677715,0.272934775075001,0
1.03594928920675,0.272701481497451,0
1.03703879765785,0.27246921247908,0
1.03812767399595,0.272237965806855,0
1.03921591008655,0.27200773926774,0
1.04030349779516,0.271778530648702,0
1.04139042898729,0.271550337736705,0
1.04247669552844,0.271323158318717,0
1.04356228928412,0.271096990181702,0
1.04464720211983,0.270871831112626,0
1.04573142590108,0.270647678898456,0
1.04681495249339,0.270424531326156,0
1.04789777376224,0.270202386182692,0
1.04897988157315,0.269981241255031,0
1.05006126779163,0.269761094330138,0
1.05114192428318,0.269541943194978,0
1.05222184291331,0.269323785636517,0
1.05330101554752,0.269106619441722,0
1.05437943405133,0.268890442397557,0
1.05545709029022,0.268675252290989,0
1.05653397612972,0.268461046908983,0
1.05761008343533,0.268247824038505,0
1.05868540407255,0.26803558146652,0
1.0597599299069,0.267824316979995,0
1.06083365280386,0.267614028365895,0
1.06190656462897,0.267404713411185,0
1.06297865724771,0.267196369902832,0
1.06404992252559,0.266988995627802,0
1.06512035232813,0.266782588373059,0
1.06618993852082,0.26657714592557,0
1.06725867296917,0.2663726660723,0
1.0683265475387,0.266169146600215,0
1.0693935540949,0.265966585296281,0
1.07045968450328,0.265764979947464,0
1.07152493062935,0.265564328340728,0
1.07258928433861,0.265364628263041,0
1.07365273749657,0.265165877501368,0
1.07471528196874,0.264968073842673,0
1.07577690962062,0.264771215073924,0
1.07683761231772,0.264575298982086,0
1.07789738192554,0.264380323354124,0
1.07895621030959,0.264186285977005,0
1.08001408933538,0.263993184637693,0
1.08107101086841,0.263801017123155,0
1.08212696677419,0.263609781220357,0
1.08318194891823,0.263419474716264,0
1.08423594916602,0.263230095397841,0
1.08528895938308,0.263041641052055,0
1.08634097143492,0.262854109465872,0
1.08739197718703,0.262667498426256,0
1.08844196850493,0.262481805720174,0
1.08949093725412,0.262297029134592,0
1.09053887530011,0.262113166456474,0
1.0915857745084,0.261930215472788,0
1.0926316267445,0.261748173970498,0
1.09367642387392,0.26156703973657,0
1.09472015776216,0.261386810557971,0
1.09576282027472,0.261207484221665,0
1.09680440327712,0.261029058514618,0
1.09784489863486,0.260851531223797,0
1.09888429821345,0.260674900136167,0
1.09992259387839,0.260499163038693,0
1.10095977749519,0.260324317718342,0
1.10199584092935,0.260150361962078,0
1.10303077604638,0.259977293556869,0
1.10406457471179,0.259805110289679,0
1.10509722879109,0.259633809947474,0
1.10612873014977,0.259463390317219,0
1.10715907065334,0.259293849185882,0
1.10818824216732,0.259125184340427,0
1.10921623655721,0.25895739356782,0
1.11024304568851,0.258790474655027,0
1.11126866142673,0.258624425389013,0
1.11229307563737,0.258459243556745,0
1.11331628018594,0.258294926945187,0
1.11433826693796,0.258131473341306,0
1.11535902775892,0.257968880532068,0
1.11637855451432,0.257807146304437,0
1.11739683906969,0.257646268445381,0
1.11841387329051,0.257486244741864,0
1.11942964904231,0.257327072980852,0
1.12044415819058,0.257168750949311,0
1.12145739260083,0.257011276434207,0
1.12246934413856,0.256854647222505,0
1.12348000466929,0.256698861101171,0
1.12448936605852,0.256543915857171,0
1.12549742017175,0.256389809277471,0
1.12650415887449,0.256236539149036,0
1.12750957403226,0.256084103258832,0
1.12851365751054,0.255932499393825,0
1.12951640117485,0.25578172534098,0
1.1305177968907,0.255631778887263,0
1.1315178365236,0.25548265781964,0
1.13251651193903,0.255334359925076,0
1.13351381500253,0.255186882990538,0
1.13450973757958,0.255040224802991,0
1.1355042715357,0.254894383149401,0
1.13649740873639,0.254749355816733,0
1.13748914104716,0.254605140591953,0
1.13847946033351,0.254461735262027,0
1.13946835846096,0.254319137613921,0
1.140455827295,0.2541773454346,0
1.14144185870114,0.25403635651103,0
1.14242644454489,0.253896168630177,0
1.14340957669176,0.253756779579006,0
1.14439124700725,0.253618187144484,0
1.14537144735687,0.253480389113575,0
1.14635016960611,0.253343383273246,0
1.1473274056205,0.253207167410463,0
1.14830314726554,0.25307173931219,0
1.14927738640672,0.252937096765394,0
1.15025011490957,0.252803237557041,0
1.15122132463957,0.252670159474096,0
1.15219100746225,0.252537860303524,0
1.1531591552431,0.252406337832293,0
1.15412575984764,0.252275589847367,0
1.15509081314136,0.252145614135712,0
1.15605430698978,0.252016408484293,0
1.15701623325839,0.251887970680077,0
1.15797658381272,0.25176029851003,0
1.15893535051825,0.251633389761116,0
1.15989252524051,0.251507242220302,0
1.16084809984499,0.251381853674554,0
1.1618020661972,0.251257221910836,0
1.16275441616265,0.251133344716116,0
1.16370514160684,0.251010219877358,0
1.16465423439528,0.250887845181528,0
1.16560168639348,0.250766218415592,0
1.16654748946694,0.250645337366516,0
1.16749163548116,0.250525199821265,0
1.16843411630166,0.250405803566805,0
1.16937492379394,0.250287146390103,0
1.17031404982351,0.250169226078122,0
1.17125148625586,0.25005204041783,0
1.17218722495652,0.249935587196192,0
1.17312125779098,0.249819864200174,0
1.17405357662475,0.249704869216741,0
1.17498417332333,0.24959060003286,0
1.17591303975224,0.249477054435495,0
1.17684016777698,0.249364230211613,0
1.17776554926305,0.249252125148179,0
1.17868917607596,0.249140737032159,0
1.17961104008122,0.249030063650519,0
1.18053113314434,0.248920102790224,0
1.18144944713081,0.248810852238241,0
1.18236597390614,0.248702309781534,0
1.18328070533585,0.24859447320707,0
1.18419363328544,0.248487340301815,0
1.18510474962041,0.248380908852733,0
1.18601404620627,0.248275176646791,0
1.18692151490852,0.248170141470955,0
1.18782714759268,0.24806580111219,0
1.18873093612425,0.247962153357461,0
1.18963287236873,0.247859195993736,0
1.19053294819163,0.247756926807979,0
1.19143115545845,0.247655343587155,0
1.19232748603471,0.247554444118232,0
1.19322193178591,0.247454226188174,0
1.19411448457755,0.247354687583948,0
1.19500513627514,0.247255826092518,0
1.19589387874419,0.247157639500851,0
1.19678070385021,0.247060125595912,0
1.19766560345869,0.246963282164668,0
1.19854856943514,0.246867106994083,0
1.19942959364508,0.246771597871123,0
1.20030866795401,0.246676752582755,0
1.20118578422743,0.246582568915944,0
1.20206093433085,0.246489044657656,0
1.20293411012977,0.246396177594856,0
1.20380530348971,0.24630396551451,0
1.20467450627616,0.246212406203584,0
1.20554171035464,0.246121497449044,0
1.20640690759065,0.246031237037855,0
1.20727008984969,0.245941622756983,0
1.20813124899728,0.245852652393393,0
1.20899037689892,0.245764323734052,0
1.20984746542011,0.245676634565925,0
1.21070250642636,0.245589582675978,0
1.21155549178318,0.245503165851177,0
1.21240641335607,0.245417381878486,0
1.21325526301054,0.245332228544873,0
1.21410203261209,0.245247703637303,0
1.21494671402624,0.245163804942741,0
1.21578929911848,0.245080530248153,0
1.21662977975433,0.244997877340505,0
1.21746814779929,0.244915844006763,0
1.21830439511886,0.244834428033892,0
1.21913851357855,0.244753627208858,0
1.21997049504387,0.244673439318627,0
1.22080033138033,0.244593862150164,0
1.22162801445343,0.244514893490435,0
1.22245353612867,0.244436531126407,0
1.22327688827156,0.244358772845044,0
1.22409806274761,0.244281616433312,0
1.22491705142233,0.244205059678178,0
1.22573384616122,0.244129100366606,0
1.22654843882978,0.244053736285562,0
1.22736082129353,0.243978965222013,0
1.22817098541797,0.243904784962924,0
1.2289789230686,0.243831193295261,0
1.22978462611093,0.243758188005988,0
1.23058808641047,0.243685766882073,0
1.23138929583273,0.243613927710481,0
1.2321882462432,0.243542668278177,0
1.2329849295074,0.243471986372128,0
1.23377933749083,0.243401879779298,0
1.23457146205899,0.243332346286654,0
1.23536129507741,0.243263383681162,0
1.23614882841157,0.243194989749786,0
1.23693405392698,0.243127162279494,0
1.23771696348916,0.24305989905725,0
1.23849754896361,0.24299319787002,0
1.23927580221584,0.24292705650477,0
1.24005171511134,0.242861472748466,0
1.24082527951563,0.242796444388073,0
1.24159648729421,0.242731969210558,0
1.24236533031259,0.242668045002885,0
1.24313180043628,0.242604669552021,0
1.24389588953078,0.242541840644931,0
1.24465758946159,0.242479556068581,0
1.24541689209423,0.242417813609937,0
1.2461737892942,0.242356611055965,0
1.246928272927,0.242295946193629,0
1.24768033485814,0.242235816809897,0
1.24842996695314,0.242176220691733,0
1.24917716107748,0.242117155626103,0
1.24992190909669,0.242058619399973,0
1.25066420287626,0.242000609800309,0
1.2514040342817,0.241943124614077,0
1.25214139517852,0.241886161628241,0
1.25287627743223,0.241829718629769,0
1.25360867290833,0.241773793405625,0
1.25433857347232,0.241718383742776,0
1.25506597098972,0.241663487428186,0
1.25579085732602,0.241609102248823,0
1.25651322434674,0.24155522599165,0
1.25723306391738,0.241501856443635,0
1.25795036790345,0.241448991391743,0
1.25866512817045,0.24139662862294,0
1.25937733658389,0.241344765924191,0
1.26008698500928,0.241293401082462,0
1.26079406531212,0.241242531884719,0
1.26149856935791,0.241192156117927,0
1.26220048901217,0.241142271569053,0
1.2628998161404,0.241092876025061,0
1.2635965426081,0.241043967272919,0
1.26429066028079,0.24099554309959,0
1.26498216102396,0.240947601292042,0
1.26567103670313,0.240900139637239,0
1.2663572791838,0.240853155922148,0
1.26704088033148,0.240806647933735,0
1.26772183201167,0.240760613458964,0
1.26840012608987,0.240715050284802,0
1.2690757544316,0.240669956198214,0
1.26974870890237,0.240625328986167,0
1.27041898136767,0.240581166435625,0
1.27108656369301,0.240537466333555,0
1.2717514477439,0.240494226466922,0
1.27241362538585,0.240451444622692,0
1.27307308848436,0.240409118587831,0
1.27372982890493,0.240367246149304,0
1.27438383851308,0.240325825094077,0
1.27503510917431,0.240284853209117,0
1.27568363275413,0.240244328281388,0
1.27632940111804,0.240204248097856,0
1.27697240613154,0.240164610445487,0
1.27761263966015,0.240125413111247,0
1.27825009356937,0.240086653882101,0
1.27888475972471,0.240048330545016,0
1.27951662999167,0.240010440886956,0
1.28014569623575,0.239972982694888,0
1.28077195032247,0.239935953755778,0
1.28139538411734,0.23989935185659,0
1.28201598948585,0.239863174784291,0
1.28263375829351,0.239827420325847,0
1.28324868240583,0.239792086268223,0
1.28386075368832,0.239757170398384,0
1.28446996400648,0.239722670503298,0
1.28507630522581,0.239688584369929,0
1.28567976921183,0.239654909785242,0
1.28628034783004,0.239621644536205,0
1.28687803294595,0.239588786409782,0
1.28747281642505,0.239556333192939,0
1.28806469013287,0.239524282672643,0
1.2886536459349,0.239492632635857,0
1.28923967569665,0.23946138086955,0
1.28982277128362,0.239430525160685,0
1.29040292456133,0.239400063296229,0
1.29098012739528,0.239369993063148,0
1.29155437165097,0.239340312248407,0
1.29212564919391,0.239311018638972,0
1.29269395188961,0.239282110021808,0
1.29325927160357,0.239253584183882,0
1.2938216002013,0.239225438912159,0
1.29438092954831,0.239197671993605,0
1.29493725151009,0.239170281215186,0
1.29549055795217,0.239143264363866,0
1.29604084074003,0.239116619226613,0
1.2965880917392,0.239090343590392,0
1.29713230281517,0.239064435242167,0
1.29767346583346,0.239038891968906,0
1.29821157265956,0.239013711557574,0
1.29874661515899,0.238988891795137,0
1.29927858519724,0.238964430468559,0
1.29980747463984,0.238940325364808,0
1.30033327535227,0.238916574270848,0
1.30085597920006,0.238893174973646,0
1.30137557804869,0.238870125260167,0
1.30189206376369,0.238847422917377,0
1.30240542821056,0.238825065732242,0
1.3029156632548,0.238803051491727,0
1.30342276076192,0.238781377982797,0
1.30392671259742,0.23876004299242,0
1.30442751062681,0.23873904430756,0
1.3049251467156,0.238718379715183,0
1.3054196127293,0.238698047002256,0
1.3059109005334,0.238678043955742,0
1.30639900199342,0.238658368362609,0
1.30688390897486,0.238639018009823,0
1.30736561334323,0.238619990684348,0
1.30784410696403,0.23860128417315,0
1.30831938170277,0.238582896263196,0
1.30879142942496,0.23856482474145,0
1.30926024199611,0.23854706739488,0
1.3097258112817,0.238529622010449,0
1.31018812914727,0.238512486375125,0
1.3106471874583,0.238495658275872,0
1.31110297808031,0.238479135499657,0
1.31155549287881,0.238462915833445,0
1.31200472371929,0.238446997064203,0
1.31245066246727,0.238431376978894,0
1.31289330098825,0.238416053364487,0
1.31333263114773,0.238401024007945,0
1.31376864481123,0.238386286696235,0
1.31420133384425,0.238371839216323,0
1.3146306901123,0.238357679355174,0
1.31505670548087,0.238343804899754,0
1.31547937181549,0.238330213637028,0
1.31589868098164,0.238316903353963,0
1.31631462484485,0.238303871837525,0
1.31672719527061,0.238291116874678,0
1.31713638412444,0.238278636252388,0
1.31754218327183,0.238266427757622,0
1.3179445845783,0.238254489177345,0
1.31834357990935,0.238242818298522,0
1.31873916113049,0.23823141290812,0
1.31913132010721,0.238220270793105,0
1.31952004870504,0.238209389740441,0
1.31990533878947,0.238198767537094,0
1.32028718222602,0.238188401970031,0
1.32066557088018,0.238178290826217,0
1.32104049661746,0.238168431892618,0
1.32141195130337,0.238158822956199,0
1.32177992680342,0.238149461803926,0
1.32214441498311,0.238140346222765,0
1.32250540770794,0.238131473999682,0
1.32286289684343,0.238122842921642,0
1.32321687425509,0.238114450775611,0
1.3235673318084,0.238106295348555,0
1.32391426136889,0.23809837442744,0
1.32425765480206,0.238090685799231,0
1.32459750397341,0.238083227250893,0
1.32493380074845,0.238075996569393,0
1.32526653699269,0.238068991541697,0
1.32559570457163,0.238062209954769,0
1.32592129535078,0.238055649595577,0
1.32624330119564,0.238049308251085,0
1.32656171397173,0.238043183708259,0
1.32687652554454,0.238037273754065,0
1.32718772777958,0.238031576175469,0
1.32749531254237,0.238026088759436,0
1.3277992716984,0.238020809292932,0
1.32809959711318,0.238015735562923,0
1.32839628065222,0.238010865356375,0
1.32868931418102,0.238006196460252,0
1.32897868956509,0.238001726661522,0
1.32926439866994,0.23799745374715,0
1.32954643336107,0.2379933755041,0
1.32982478550399,0.23798948971934,0
1.3300994469642,0.237985794179835,0
1.33037040960721,0.237982286672551,0
1.33063766529853,0.237978964984452,0
1.33090120590366,0.237975826902506,0
1.33116102328811,0.237972870213677,0
1.33141710931738,0.237970092704932,0
1.33166945585699,0.237967492163236,0
1.33191805477243,0.237965066375554,0
1.33216289792922,0.237962813128854,0
1.33240397719285,0.237960730210099,0
1.33264128442884,0.237958815406257,0
1.33287481150269,0.237957066504292,0
1.33310455027991,0.237955481291171,0
1.333330492626,0.237954057553859,0
1.33355263040648,0.237952793079322,0
1.33377095548683,0.237951685654526,0
1.33398545973258,0.237950733066435,0
1.33419613500923,0.237949933102017,0
1.33440297318228,0.237949283548237,0
1.33460596611725,0.23794878219206,0
1.33480510567962,0.237948426820452,0
1.33500038373492,0.237948215220379,0
1.33519179214865,0.237948145178807,0
