1.41530329967757,0,0
1.41563161532988,0.00890369674811507,0
1.41590509216275,0.0178115381912576,0
1.41612327828513,0.0267231863228114,0
1.41628598928761,0.0356382991013804,0
1.41639310502357,0.0445565324180726,0
1.4164445351598,0.053477540763314,0
1.41644020677319,0.0624009775639555,0
1.4163800585865,0.0713264953861337,0
1.41626403786732,0.0802537460711714,0
1.41609209858972,0.0891823808337137,0
1.41586420026576,0.0981120503366922,0
1.41558030716252,0.107042404751171,0
1.41524038775532,0.115973093805844,0
1.41484441433287,0.124903766829189,0
1.41439236270432,0.133834072786228,0
1.41388421197673,0.142763660311252,0
1.41331994438271,0.151692177737432,0
1.4126995451447,0.160619273124008,0
1.41202300236644,0.169544594281539,0
1.41129030694513,0.178467788795613,0
1.41050145249941,0.187388504049274,0
1.40965643530983,0.196306387244415,0
1.40875525426905,0.205221085422294,0
1.40779791083993,0.214132245483325,0
1.40678440901993,0.223039514206245,0
1.40571475531067,0.231942538266753,0
1.40458895869169,0.240840964255706,0
1.40340703059776,0.249734438696909,0
1.40216898489907,0.258622608064573,0
1.40087483788388,0.267505118800479,0
1.3995246082432,0.276381617330874,0
1.39811831705726,0.285251750083142,0
1.39665598778337,0.294115163502271,0
1.39513764624516,0.302971504067134,0
1.3935633206228,0.311820418306618,0
1.39193304144417,0.320661552815598,0
1.39024684157685,0.329494554270786,0
1.38850475622083,0.33831906944646,0
1.38670682290168,0.347134745230088,0
1.38485308146441,0.355941228637852,0
1.38294357406763,0.364738166830085,0
1.3809783451782,0.373525207126626,0
1.37895744156612,0.382301997022099,0
1.3768809122998,0.391068184201127,0
1.37474880874149,0.399823416553478,0
1.372561184543,0.408567342189151,0
1.37031809564156,0.417299609453411,0
1.36801960025584,0.426019866941769,0
1.36566575888214,0.434727763514911,0
1.3632566342906,0.443422948313591,0
1.36079229152165,0.452105070773466,0
1.35827279788239,0.460773780639906,0
1.35569822294314,0.469428727982749,0
1.35306863853395,0.478069563211033,0
1.35038411874124,0.486695937087682,0
1.34764473990441,0.495307500744164,0
1.34485058061244,0.503903905695113,0
1.34200172170059,0.512484803852915,0
1.33909824624701,0.521049847542273,0
1.33614023956939,0.529598689514736,0
1.3331277892216,0.538130982963193,0
1.33006098499029,0.546646381536348,0
1.32693991889145,0.55514453935316,0
1.32376468516701,0.563625111017257,0
1.32053538028135,0.572087751631325,0
1.31725210291777,0.580532116811465,0
1.31391495397495,0.588957862701524,0
1.31052403656334,0.597364645987403,0
1.30707945600156,0.605752123911334,0
1.30358131981262,0.614119954286134,0
1.30002973772027,0.622467795509427,0
1.29642482164513,0.630795306577848,0
1.29276668570086,0.639102147101211,0
1.28905544619023,0.647387977316656,0
1.28529122160117,0.655652458102769,0
1.2814741326027,0.663895250993675,0
1.27760430204085,0.672116018193101,0
1.27368185493446,0.680314422588416,0
1.26970691847097,0.688490127764641,0
1.26567962200214,0.696642798018432,0
1.26160009703962,0.704772098372037,0
1.25746847725055,0.71287769458722,0
1.25328489845305,0.720959253179165,0
1.24904949861161,0.729016441430342,0
1.24476241783245,0.737048927404351,0
1.2404237983588,0.745056379959733,0
1.23603378456609,0.753038468763754,0
1.23159252295706,0.760994864306156,0
1.22710016215682,0.768925237912882,0
1.22255685290784,0.776829261759767,0
1.21796274806479,0.784706608886196,0
1.21331800258945,0.792556953208739,0
1.20862277354535,0.800379969534746,0
1.20387722009253,0.808175333575911,0
1.19908150348207,0.815942721961808,0
1.19423578705062,0.823681812253391,0
1.18934023621484,0.83139228295646,0
1.18439501846573,0.839073813535093,0
1.17940030336296,0.846726084425047,0
1.174356262529,0.854348777047121,0
1.1692630696433,0.861941573820485,0
1.1641209004363,0.869504158175974,0
1.15892993268337,0.877036214569346,0
1.15369034619877,0.884537428494502,0
1.14840232282936,0.892007486496671,0
1.14306604644841,0.899446076185557,0
1.13768170294916,0.906852886248449,0
1.13224948023847,0.914227606463288,0
1.12676956823026,0.921569927711706,0
1.12124215883892,0.928879541992015,0
1.11566744597266,0.936156142432158,0
1.11004562552673,0.943399423302628,0
1.10437689537663,0.950609080029337,0
1.09866145537115,0.957784809206448,0
1.09289950732544,0.964926308609169,0
1.08709125501392,0.972033277206495,0
1.0812369041631,0.979105415173918,0
1.07533666244442,0.98614242390609,0
1.06939073946691,0.99314400602944,0
1.06339934676981,1.00010986541475,0
1.05736269781512,1.00703970718969,0
1.05128100798007,1.0139332377513,0
1.0451544945495,1.02079016477843,0
1.03898337670814,1.02761019724414,0
1.03276787553289,1.03439304542805,0
1.02650821398494,1.04113842092863,0
1.02020461690186,1.04784603667546,0
1.01385731098958,1.05451560694146,0
1.00746652481432,1.06114684735502,0
1.00103248879444,1.0677394749121,0
0.994555435192224,1.07429320798835,0
0.988035598105521,1.08080776635105,0
0.981473213459408,1.08728287117112,0
0.974868518997712,1.093718245035,0
0.968221754274476,1.10011361195655,0
0.961533160645344,1.10646869738881,0
0.954802981258884,1.11278322823578,0
0.948031461047818,1.11905693286415,0
0.941218846720192,1.12528954111488,0
0.934365386750461,1.13148078431488,0
0.92747133137051,1.1376303952885,0
0.920536932560594,1.14373810836903,0
0.913562444040206,1.14980365941013,0
0.906548121258875,1.15582678579726,0
0.899494221386884,1.1618072264589,0
0.892401003305924,1.16774472187792,0
0.885268727599671,1.17363901410274,0
0.878097656544289,1.17948984675848,0
0.870888054098866,1.18529696505808,0
0.863640185895777,1.19106011581331,0
0.85635431923097,1.19677904744579,0
0.849030723054195,1.20245350999786,0
0.841669667959146,1.20808325514347,0
0.834271426173545,1.21366803619898,0
0.826836271549152,1.2192076081339,0
0.819364479551702,1.22470172758155,0
0.811856327250781,1.23015015284972,0
0.804312093309625,1.23555264393117,0
0.796732057974857,1.24090896251419,0
0.78911650306615,1.24621887199297,0
0.781465711965826,1.25148213747801,0
0.773779969608392,1.25669852580642,0
0.766059562469995,1.26186780555215,0
0.758304778557825,1.26698974703616,0
0.750515907399447,1.27206412233657,0
0.74269324003206,1.27709070529867,0
0.734837068991704,1.28206927154492,0
0.726947688302388,1.28699959848486,0
0.719025393465164,1.29188146532497,0
0.711070481447129,1.29671465307844,0
0.703083250670368,1.30149894457489,0
0.695064001000832,1.30623412447002,0
0.68701303373715,1.31091997925519,0
0.678930651599384,1.31555629726694,0
0.670817158717715,1.32014286869641,0
0.66267286062107,1.32467948559873,0
0.654498064225693,1.32916594190233,0
0.646293077823643,1.33360203341814,0
0.63805821107124,1.33798755784882,0
0.629793774977449,1.34232231479775,0
0.621500081892202,1.34660610577816,0
0.613177445494665,1.35083873422201,0
0.604826180781438,1.35502000548887,0
0.596446604054705,1.35914972687475,0
0.588039032910322,1.36322770762084,0
0.579603786225843,1.36725375892211,0
0.571141184148498,1.37122769393597,0
0.562651548083108,1.37514932779071,0
0.554135200679941,1.37901847759401,0
0.54559246582252,1.38283496244122,0
0.537023668615369,1.38659860342372,0
0.528429135371705,1.39030922363707,0
0.519809193601078,1.3939666481892,0
0.511164171996956,1.39757070420842,0
0.502494400424252,1.40112122085143,0
0.493800209906805,1.40461802931123,0
0.485081932614801,1.40806096282492,0
0.476339901852147,1.41144985668147,0
0.467574452043793,1.41478454822941,0
0.458785918722997,1.41806487688437,0
0.449974638518544,1.42129068413666,0
0.441140949141916,1.42446181355864,0
0.432285189374407,1.42757811081213,0
0.423407699054193,1.43063942365568,0
0.414508819063351,1.43364560195174,0
0.405588891314826,1.43659649767378,0
0.396648258739359,1.43949196491336,0
0.38768726527236,1.44233185988706,0
0.378706255840737,1.44511604094334,0
0.369705576349676,1.44784436856937,0
0.360685573669377,1.4505167053977,0
0.351646595621747,1.45313291621291,0
0.342588990967043,1.45569286795817,0
0.333513109390471,1.45819642974168,0
0.324419301488747,1.46064347284302,0
0.315307918756608,1.46303387071954,0
0.306179313573283,1.46536749901245,0
0.297033839188919,1.46764423555306,0
0.287871849710969,1.46986396036875,0
0.278693700090538,1.47202655568895,0
0.269499746108683,1.47413190595104,0
0.260290344362679,1.47617989780609,0
0.251065852252242,1.47817042012462,0
0.241826627965713,1.48010336400215,0
0.232573030466205,1.48197862276481,0
0.223305419477704,1.48379609197472,0
0.21402415547115,1.4855556694354,0
0.204729599650459,1.48725725519699,0
0.195422113938521,1.48890075156148,0
0.186102060963164,1.49048606308779,0
0.176769804043074,1.49201309659678,0
0.167425707173685,1.49348176117617,0
0.158070135013032,1.4948919681854,0
0.148703452867576,1.49624363126034,0
0.139326026677986,1.49753666631795,0
0.129938223004897,1.49877099156091,0
0.12054040901463,1.499946527482,0
0.111132952464886,1.50106319686858,0
0.101716221690398,1.50212092480686,0
0.0922905855885686,1.50311963868609,0
0.0828564136050606,1.50405926820271,0
0.0734140757193726,1.50493974536438,0
0.0639639424303737,1.50576100449391,0
0.0545063847418181,1.50652298223312,0
0.0450417741478286,1.5072256175466,0
0.0355704826183528,1.50786885172539,0
0.0260928825845933,1.50845262839053,0
0.0166093469244114,1.50897689349658,0
0.00712024894770562,1.50944159533499,0
-0.00237403761823533,1.50984668453743,0
-0.0118731386434038,1.51019211407899,0
-0.021376679609767,1.5104778392813,0
-0.0308842856259869,1.51070381781556,0
-0.0403955814421601,1.51087000970548,0
-0.0499101914645811,1.51097637733011,0
-0.0594277397705266,1.51102288542661,0
-0.068947850123062,1.51100950109293,0
-0.0784701459858648,1.5109361937903,0
-0.0879942505380736,1.51080293534578,0
-0.0975197866891505,1.5106096999546,0
-0.107046377093765,1.51035646418248,0
-0.116573644166698,1.51004320696776,0
-0.126101210097756,1.50966990962356,0
-0.13562869686671,1.50923655583977,0
-0.14515572625825,1.50874313168493,0
-0.154681919876946,1.5081896256081,0
-0.164206899162238,1.50757602844054,0
-0.17373028540343,1.50690233339734,0
-0.1832516997547,1.50616853607899,0
-0.192770763250128,1.50537463447279,0
-0.202287096818732,1.5045206289542,0
-0.211800321299517,1.50360652228808,0
-0.221310057456535,1.50263231962989,0
-0.230815925993959,1.50159802852668,0
-0.240317547571167,1.50050365891812,0
-0.249814542817828,1.49934922313735,0
-0.259306532349011,1.49813473591173,0
-0.268793136780287,1.49686021436355,0
-0.278273976742855,1.49552567801061,0
-0.287748672898658,1.4941311487667,0
-0.297216845955525,1.49267665094199,0
-0.306678116682298,1.49116221124336,0
-0.316132105923987,1.48958785877455,0
-0.325578434616907,1.48795362503632,0
-0.335016723803841,1.48625954392643,0
-0.344446594649189,1.48450565173957,0
-0.353867668454135,1.48269198716715,0
-0.363279566671801,1.48081859129707,0
-0.372681910922417,1.47888550761333,0
-0.382074323008485,1.47689278199553,0
-0.391456424929945,1.47484046271836,0
-0.40082783889934,1.4727286004509,0
-0.410188187356985,1.47055724825587,0
-0.41953709298613,1.4683264615888,0
-0.428874178728121,1.46603629829706,0
-0.438199067797562,1.46368681861882,0
-0.447511383697477,1.46127808518192,0
-0.456810750234456,1.45881016300262,0
-0.466096791533813,1.45628311948427,0
-0.475369132054725,1.45369702441591,0
-0.484627396605377,1.45105194997068,0
-0.493871210358092,1.44834797070427,0
-0.50310019886446,1.44558516355317,0
-0.51231398807046,1.44276360783286,0
-0.521512204331569,1.43988338523588,0
-0.530694474427867,1.43694457982988,0
-0.539860425579135,1.43394727805547,0
-0.549009685459935,1.43089156872404,0
-0.558141882214691,1.42777754301547,0
-0.567256644472747,1.42460529447574,0
-0.576353601363427,1.42137491901445,0
-0.585432382531068,1.41808651490223,0
-0.594492618150055,1.41474018276806,0
-0.60353393893983,1.41133602559653,0
-0.6125559761799,1.40787414872494,0
-0.621558361724814,1.40435465984035,0
-0.630540728019143,1.40077766897652,0
-0.639502708112432,1.39714328851077,0
-0.648443935674137,1.39345163316072,0
-0.657364045008553,1.38970281998093,0
-0.666262671069714,1.3858969683595,0
-0.675139449476284,1.38203420001451,0
-0.683994016526418,1.37811463899038,0
-0.69282600921262,1.37413841165418,0
-0.701635065236565,1.37010564669179,0
-0.71042082302391,1.36601647510401,0
-0.71918292173908,1.3618710302025,0
-0.727921001300033,1.35766944760573,0
-0.736634702393003,1.35341186523478,0
-0.745323666487224,1.34909842330902,0
-0.753987535849621,1.34472926434174,0
-0.762625953559482,1.34030453313568,0
-0.77123856352311,1.33582437677846,0
-0.779825010488445,1.3312889446379,0
-0.788384940059653,1.32669838835725,0
-0.796917998711706,1.32205286185037,0
-0.805423833804914,1.31735252129676,0
-0.81390209359945,1.31259752513655,0
-0.822352427269826,1.30778803406531,0
-0.830774484919363,1.30292421102889,0
-0.839167917594603,1.29800622121806,0
-0.847532377299723,1.29303423206312,0
-0.85586751701089,1.28800841322839,0
-0.864172990690602,1.28292893660661,0
-0.872448453301994,1.27779597631327,0
-0.880693560823101,1.27260970868082,0
-0.888907970261108,1.2673703122528,0
-0.897091339666543,1.26207796777788,0
-0.905243328147459,1.25673285820382,0
-0.913363595883556,1.25133516867131,0
-0.921451804140295,1.24588508650774,0
-0.929507615282952,1.24038280122087,0
-0.93753069279065,1.23482850449243,0
-0.945520701270349,1.22922239017161,0
-0.953477306470798,1.22356465426845,0
-0.96140017529645,1.21785549494718,0
-0.969288975821335,1.21209511251941,0
-0.977143377302901,1.20628370943731,0
-0.984963050195802,1.20042149028661,0
-0.992747666165665,1.19450866177961,0
-1.00049689810279,1.188545432748,0
-1.00821042013584,1.18253201413566,0
-1.01588790764544,1.17646861899137,0
-1.0235290372778,1.17035546246138,0
-1.03113348695825,1.16419276178198,0
-1.03870093590472,1.15798073627186,0
-1.04623106464121,1.1517196073245,0
-1.0537235550112,1.14540959840043,0
-1.061178090191,1.13905093501938,0
-1.0685943547031,1.13264384475235,0
-1.0759720344294,1.12618855721365,0
-1.08331081662448,1.11968530405277,0
-1.09061038992871,1.11313431894621,0
-1.09787044438146,1.10653583758926,0
-1.10509067143411,1.09989009768761,0
-1.1122707639631,1.09319733894894,0
-1.11941041628293,1.0864578030744,0
-1.12650932415906,1.07967173375002,0
-1.13356718482078,1.07283937663803,0
-1.14058369697409,1.06596097936807,0
-1.14755856081439,1.05903679152839,0
-1.15449147803927,1.05206706465687,0
-1.16138215186115,1.04505205223202,0
-1.16823028701986,1.03799200966392,0
-1.17503558979527,1.030887194285,0
-1.18179776801971,1.02373786534078,0
-1.18851653109051,1.01654428398056,0
-1.19519158998228,1.00930671324798,0
-1.20182265725935,1.00202541807152,0
-1.20840944708799,0.994700665254933,0
-1.21495167524863,0.987332723467541,0
-1.22144905914804,0.979921863234542,0
-1.22790131783143,0.972468356927165,0
-1.23430817199449,0.964972478752772,0
-1.24066934399537,0.957434504744886,0
-1.24698455786662,0.949854712753127,0
-1.25325353932704,0.942233382433089,0
-1.25947601579346,0.934570795236113,0
-1.26565171639255,0.926867234399018,0
-1.27178037197241,0.919122984933716,0
-1.27786171511426,0.911338333616789,0
-1.28389548014394,0.903513568978959,0
-1.28988140314343,0.8956489812945,0
-1.29581922196228,0.887744862570571,0
-1.30170867622891,0.879801506536472,0
-1.307549507362,0.871819208632828,0
-1.31334145858163,0.863798266000697,0
-1.3190842749205,0.855738977470606,0
-1.324777703235,0.847641643551513,0
-1.33042149221625,0.839506566419699,0
-1.33601539240106,0.831334049907581,0
-1.3415591561828,0.823124399492463,0
-1.34705253782228,0.814877922285202,0
-1.35249529345844,0.80659492701882,0
-1.35788718111908,0.798275724037028,0
-1.36322796073147,0.789920625282692,0
-1.36851739413288,0.781529944286225,0
-1.37375524508107,0.773103996153906,0
-1.37894127926471,0.764643097556138,0
-1.38407526431365,0.756147566715629,0
-1.38915696980926,0.747617723395514,0
-1.39418616729456,0.739053888887396,0
-1.39916263028436,0.730456385999337,0
-1.40408613427529,0.721825539043765,0
-1.40895645675579,0.713161673825331,0
-1.41377337721595,0.704465117628684,0
-1.41853667715739,0.695736199206195,0
-1.42324614010297,0.686975248765605,0
-1.42790155160644,0.678182597957615,0
-1.43250269926208,0.66935857986341,0
-1.43704937271416,0.660503528982121,0
-1.44154136366641,0.651617781218218,0
-1.44597846589138,0.642701673868849,0
-1.45036047523969,0.633755545611111,0
-1.45468718964927,0.624779736489258,0
-1.45895840915447,0.61577458790186,0
-1.46317393589511,0.606740442588876,0
-1.46733357412543,0.597677644618701,0
-1.471437130223,0.588586539375121,0
-1.47548441269752,0.579467473544229,0
-1.47947523219951,0.570320795101275,0
-1.48340940152902,0.56114685329746,0
-1.48728673564414,0.551945998646666,0
-1.49110705166952,0.54271858291214,0
-1.49487016890471,0.533464959093112,0
-1.49857590883255,0.524185481411357,0
-1.50222409512735,0.514880505297711,0
-1.50581455366308,0.505550387378517,0
-1.5093471125214,0.496195485462028,0
-1.51282160199965,0.486816158524753,0
-1.51623785461879,0.477412766697743,0
-1.51959570513114,0.467985671252836,0
-1.52289499052818,0.458535234588836,0
-1.52613555004815,0.449061820217649,0
-1.52931722518361,0.439565792750365,0
-1.53243985968894,0.430047517883287,0
-1.5355032995877,0.420507362383914,0
-1.53850739317991,0.410945694076866,0
-1.5414519910493,0.40136288182977,0
-1.54433694607043,0.391759295539088,0
-1.54716211341568,0.382135306115903,0
-1.54992735056224,0.372491285471652,0
-1.55263251729896,0.362827606503817,0
-1.55527747573311,0.353144643081561,0
-1.55786209029708,0.343442770031334,0
-1.56038622775492,0.333722363122409,0
-1.56284975720891,0.323983799052401,0
-1.56525255010593,0.314227455432713,0
-1.56759448024379,0.304453710773964,0
-1.56987542377746,0.294662944471356,0
-1.57209525922519,0.284855536790003,0
-1.57425386747461,0.275031868850225,0
-1.57635113178863,0.265192322612784,0
-1.57838693781132,0.255337280864102,0
-1.58036117357372,0.24546712720141,0
-1.58227372949946,0.23558224601789,0
-1.58412449841039,0.225683022487741,0
-1.58591337553206,0.215769842551244,0
-1.58764025849911,0.205843092899753,0
-1.58930504736062,0.19590316096068,0
-1.59090764458527,0.185950434882415,0
-1.59244795506648,0.175985303519233,0
-1.59392588612746,0.166008156416153,0
-1.5953413475261,0.156019383793754,0
-1.59669425145985,0.14601937653298,0
-1.59798451257043,0.136008526159886,0
-1.59921204794847,0.125987224830367,0
-1.6003767771381,0.115955865314842,0
-1.60147862214136,0.105914840982921,0
-1.60251750742261,0.0958645457880203,0
-1.60349335991273,0.0858053742519662,0
-1.60440610901335,0.0757377214495535,0
-1.60525568660088,0.0656619829930826,0
-1.60604202703049,0.0555785550168633,0
-1.60676506714,0.0454878341616915,0
-1.60742474625364,0.0353902175592971,0
-1.60802100618577,0.0252861028167636,0
-1.6085537912444,0.0151758880009254,0
-1.60902304823474,0.00505997162272714,0
-1.60942872646255,-0.00506124737842393,0
-1.60977077773746,-0.0151873696503531,0
-1.61004915637611,-0.0253179954438152,0
-1.61026381920533,-0.0354527246282348,0
-1.61041472556503,-0.0455911567074572,0
-1.6105018373112,-0.0557328908355273,0
-1.61052511881861,-0.0658775258324891,0
-1.61048453698359,-0.0760246602002069,0
-1.61038006122658,-0.086173892138207,0
-1.61021166349465,-0.0963248195595399,0
-1.60997931826386,-0.106477040106662,0
-1.60968300254164,-0.116630151167335,0
-1.60932269586891,-0.126783749890546,0
-1.60889838032222,-0.136937433202444,0
-1.60841004051573,-0.147090797822289,0
-1.60785766360314,-0.157243440278427,0
-1.60724123927944,-0.167394956924274,0
-1.60656075978265,-0.177544943954315,0
-1.60581621989542,-0.187692997420118,0
-1.60500761694647,-0.197838713246366,0
-1.60413495081206,-0.207981687246898,0
-1.60319822391723,-0.218121515140762,0
-1.60219744123701,-0.228257792568282,0
-1.60113261029753,-0.238390115107138,0
-1.60000374117698,-0.248518078288452,0
-1.59881084650653,-0.258641277612884,0
-1.59755394147109,-0.26875930856675,0
-1.59623304380999,-0.278871766638124,0
-1.59484817381763,-0.288978247332977,0
-1.59339935434387,-0.299078346191296,0
-1.59188661079449,-0.309171658803236,0
-1.59030997113139,-0.319257780825253,0
-1.58866946587287,-0.329336307996264,0
-1.5869651280936,-0.339406836153796,0
-1.58519699342466,-0.349468961250151,0
-1.5833651000534,-0.359522279368565,0
-1.58146948872316,-0.369566386739376,0
-1.57951020273303,-0.379600879756196,0
-1.57748728793731,-0.389625354992073,0
-1.57540079274506,-0.399639409215674,0
-1.57325076811939,-0.409642639407444,0
-1.57103726757677,-0.419634642775788,0
-1.56876034718616,-0.429615016773233,0
-1.56642006556805,-0.439583359112607,0
-1.56401648389345,-0.449539267783192,0
-1.5615496658827,-0.459482341066901,0
-1.55901967780422,-0.469412177554431,0
-1.55642658847317,-0.479328376161419,0
-1.55377046924999,-0.489230536144599,0
-1.55105139403882,-0.49911825711794,0
-1.54826943928584,-0.508991139068793,0
-1.54542468397753,-0.518848782374017,0
-1.54251720963877,-0.528690787816111,0
-1.53954710033086,-0.538516756599325,0
-1.53651444264948,-0.548326290365778,0
-1.53341932572251,-0.558118991211545,0
-1.53026184120773,-0.567894461702758,0
-1.52704208329043,-0.577652304891677,0
-1.52376014868098,-0.587392124332761,0
-1.5204161366122,-0.597113524098724,0
-1.51701014883668,-0.606816108796572,0
-1.513542289624,-0.616499483583643,0
-1.51001266575785,-0.626163254183611,0
-1.50642138653299,-0.635807026902497,0
-1.50276856375223,-0.645430408644647,0
-1.49905431172317,-0.65503300692871,0
-1.49527874725492,-0.664614429903582,0
-1.49144198965473,-0.674174286364353,0
-1.48754416072445,-0.683712185768217,0
-1.48358538475694,-0.693227738250377,0
-1.47956578853237,-0.702720554639924,0
-1.47548550131443,-0.7121902464757,0
-1.47134465484639,-0.721636426022137,0
-1.46714338334713,-0.731058706285079,0
-1.46288182350699,-0.740456701027579,0
-1.45856011448361,-0.749830024785677,0
-1.45417839789759,-0.759178292884151,0
-1.44973681782807,-0.768501121452245,0
-1.44523552080826,-0.777798127439379,0
-1.4406746558208,-0.787068928630826,0
-1.43605437429303,-0.79631314366337,0
-1.43137483009225,-0.805530392040929,0
-1.42663617952073,-0.814720294150163,0
-1.42183858131075,-0.823882471276045,0
-1.41698219661946,-0.833016545617411,0
-1.4120671890237,-0.842122140302472,0
-1.40709372451466,-0.851198879404309,0
-1.40206197149251,-0.860246387956326,0
-1.39697210076086,-0.869264291967682,0
-1.39182428552117,-0.878252218438684,0
-1.38661870136704,-0.887209795376157,0
-1.38135552627841,-0.896136651808769,0
-1.37603494061566,-0.905032417802338,0
-1.37065712711362,-0.913896724475089,0
-1.36522227087547,-0.922729204012895,0
-1.35973055936652,-0.931529489684464,0
-1.35418218240796,-0.940297215856503,0
-1.34857733217044,-0.949032018008843,0
-1.3429162031676,-0.957733532749525,0
-1.33719899224949,-0.966401397829851,0
-1.33142589859586,-0.97503525215939,0
-1.32559712370945,-0.983634735820963,0
-1.31971287140903,-0.99219949008556,0
-1.3137733478225,-1.00072915742725,0
-1.30777876137982,-1.00922338153802,0
-1.30172932280581,-1.0176818073426,0
-1.29562524511294,-1.02610408101322,0
-1.28946674359395,-1.03448984998433,0
-1.28325403581442,-1.04283876296733,0
-1.27698734160525,-1.05115046996515,0
-1.27066688305499,-1.05942462228689,0
-1.26429288450213,-1.06766087256233,0
-1.25786557252728,-1.07585887475651,0
-1.25138517594528,-1.08401828418408,0
-1.24485192579714,-1.09213875752383,0
-1.23826605534198,-1.10021995283297,0
-1.23162780004884,-1.1082615295615,0
-1.22493739758837,-1.11626314856642,0
-1.21819508782446,-1.12422447212603,0
-1.2114011128058,-1.13214516395405,0
-1.20455571675726,-1.14002488921373,0
-1.19765914607131,-1.14786331453197,0
-1.19071164929922,-1.15566010801329,0
-1.18371347714226,-1.16341493925381,0
-1.17666488244277,-1.17112747935519,0
-1.16956612017512,-1.17879740093845,0
-1.16241744743666,-1.18642437815779,0
-1.15521912343848,-1.19400808671438,0
-1.14797140949616,-1.20154820387,0
-1.14067456902036,-1.2090444084607,0
-1.13332886750741,-1.21649638091041,0
-1.12593457252976,-1.22390380324445,0
-1.11849195372628,-1.231266359103,0
-1.11100128279263,-1.23858373375451,0
-1.10346283347138,-1.24585561410908,0
-1.09587688154218,-1.25308168873173,0
-1.0882437048117,-1.26026164785565,0
-1.08056358310363,-1.26739518339537,0
-1.07283679824851,-1.27448198895989,0
-1.06506363407346,-1.28152175986573,0
-1.05724437639191,-1.28851419314991,0
-1.04937931299314,-1.29545898758289,0
-1.04146873363184,-1.30235584368146,0
-1.03351293001749,-1.30920446372151,0
-1.02551219580372,-1.31600455175079,0
-1.01746682657758,-1.3227558136016,0
-1.00937711984871,-1.32945795690337,0
-1.00124337503842,-1.33611069109523,0
-0.993065893468706,-1.34271372743849,0
-0.984844978351199,-1.34926677902904,0
-0.976580934776,-1.35576956080971,0
-0.96827406970045,-1.36222178958254,0
-0.959924691937823,-1.368623184021,0
-0.95153311214593,-1.37497346468213,0
-0.943099642815662,-1.3812723540186,0
-0.934624598259422,-1.38751957639073,0
-0.926108294599512,-1.39371485807842,0
-0.917551049756425,-1.39985792729301,0
-0.90895318343706,-1.40594851418907,0
-0.900315017122862,-1.4119863508761,0
-0.891636874057884,-1.41797117143024,0
-0.882919079236779,-1.42390271190577,0
-0.874161959392705,-1.42978071034663,0
-0.865365842985165,-1.4356049067979,0
-0.856531060187759,-1.44137504331709,0
-0.847657942875888,-1.44709086398543,0
-0.838746824614345,-1.45275211491911,0
-0.829798040644865,-1.45835854428035,0
-0.820811927873587,-1.46390990228851,0
-0.811788824858454,-1.46940594123103,0
-0.802729071796519,-1.47484641547431,0
-0.793633010511202,-1.48023108147459,0
-0.784500984439471,-1.48555969778863,0
-0.775333338618942,-1.49083202508441,0
-0.766130419674917,-1.49604782615168,0
-0.756892575807346,-1.50120686591251,0
-0.747620156777741,-1.50630891143167,0
-0.738313513895979,-1.51135373192701,0
-0.728973000007082,-1.51634109877969,0
-0.719598969477897,-1.5212707855444,0
-0.710191778183732,-1.52614256795942,0
-0.700751783494902,-1.53095622395664,0
-0.691279344263225,-1.53571153367155,0
-0.68177482080845,-1.54040827945303,0
-0.672238574904618,-1.54504624587313,0
-0.662670969766352,-1.54962521973678,0
-0.653072370035088,-1.55414499009137,0
-0.643443141765253,-1.55860534823627,0
-0.633783652410356,-1.56300608773226,0
-0.624094270809035,-1.56734700441088,0
-0.614375367171036,-1.57162789638366,0
-0.604627313063136,-1.57584856405133,0
-0.594850481394988,-1.58000881011289,0
-0.585045246404923,-1.5841084395746,0
-0.575211983645685,-1.58814725975888,0
-0.565351069970115,-1.59212508031318,0
-0.55546288351675,-1.59604171321865,0
-0.545547803695397,-1.59989697279882,0
-0.535606211172632,-1.60369067572816,0
-0.525638487857237,-1.60742264104051,0
-0.515645016885592,-1.6110926901375,0
-0.505626182607001,-1.61470064679681,0
-0.495582370568977,-1.61824633718035,0
-0.485513967502447,-1.62172958984239,0
-0.475421361306929,-1.62515023573756,0
-0.465304941035634,-1.62850810822877,0
-0.45516509688054,-1.63180304309503,0
-0.445002220157374,-1.63503487853919,0
-0.43481670329058,-1.6382034551956,0
-0.424608939798221,-1.64130861613761,0
-0.414379324276822,-1.64435020688506,0
-0.40412825238617,-1.64732807541165,0
-0.393856120834067,-1.65024207215216,0
-0.383563327361031,-1.65309205000968,0
-0.373250270724944,-1.65587786436264,0
-0.362917350685653,-1.65859937307179,0
-0.352564967989536,-1.66125643648712,0
-0.342193524353999,-1.66384891745463,0
-0.331803422451945,-1.666376681323,0
-0.321395065896185,-1.66883959595024,0
-0.310968859223818,-1.67123753171012,0
-0.300525207880553,-1.67357036149863,0
-0.290064518204986,-1.67583796074024,0
-0.279587197412849,-1.67804020739415,0
-0.2690936535812,-1.68017698196036,0
-0.258584295632586,-1.68224816748569,0
-0.24805953331914,-1.68425364956969,0
-0.237519777206674,-1.68619331637048,0
-0.226965438658689,-1.68806705861041,0
-0.216396929820388,-1.6898747695817,0
-0.205814663602609,-1.69161634515197,0
-0.195219053665756,-1.69329168376962,0
-0.184610514403669,-1.69490068646915,0
-0.17398946092746,-1.6964432568764,0
-0.163356309049319,-1.6979193012136,0
-0.152711475266285,-1.69932872830447,0
-0.142055376743976,-1.70067144957901,0
-0.131388431300276,-1.70194737907842,0
-0.120711057389018,-1.70315643345973,0
-0.11002367408359,-1.70429853200044,0
-0.0993267010605555,-1.70537359660298,0
-0.0886205585831978,-1.70638155179916,0
-0.0779056674850698,-1.70732232475442,0
-0.0671824491534826,-1.70819584527204,0
-0.056451325512991,-1.70900204579722,0
-0.0457127190088233,-1.70974086142107,0
-0.0349670525903065,-1.7104122298845,0
-0.0242147496942471,-1.71101609158196,0
-0.013456234228285,-1.71155238956517,0
-0.00269193055423475,-1.71202106954661,0
0.00807773652862118,-1.71242207990307,0
0.0188523418002412,-1.71275537167895,0
0.0296314596365825,-1.71302089858952,0
0.0404146640263586,-1.71321861702409,0
0.0512015285878455,-1.71334848604905,0
0.0619916265856859,-1.71341046741078,0
0.0727845309477406,-1.71340452553852,0
0.0835798142819364,-1.71333062754706,0
0.0943770488931607,-1.71318874323941,0
0.105175806800152,-1.71297884510925,0
0.115975659752427,-1.71270090834339,0
0.126776179247224,-1.71235491082405,0
0.137576936546453,-1.71194083313106,0
0.148377502693686,-1.71145865854396,0
0.159177448531132,-1.71090837304395,0
0.169976344716668,-1.7102899653158,0
0.180773761740844,-1.70960342674959,0
0.191569269943943,-1.7088487514424,0
0.202362439533016,-1.70802593619984,0
0.213152840598971,-1.7071349805375,0
0.223940043133637,-1.70617588668228,0
0.234723617046867,-1.70514865957366,0
0.24550313218364,-1.70405330686479,0
0.256278158341183,-1.70288983892348,0
0.267048265286087,-1.70165826883318,0
0.277813022771449,-1.7003586123937,0
0.288572000554019,-1.69899088812198,0
0.299324768411352,-1.69755511725259,0
0.310070896158962,-1.69605132373827,0
0.320809953667495,-1.69447953425026,0
0.331541510879907,-1.6928397781786,0
0.342265137828632,-1.69113208763221,0
0.352980404652772,-1.689356497439,0
0.363686881615289,-1.68751304514576,0
0.374384139120186,-1.685601771018,0
0.38507174772971,-1.68362271803968,0
0.39574927818154,-1.68157593191278,0
0.406416301405993,-1.67946146105682,0
0.417072388543216,-1.67727935660826,0
0.427717110960383,-1.67502967241974,0
0.438350040268896,-1.67271246505931,0
0.44897074834158,-1.67032779380945,0
0.459578807329879,-1.66787572066601,0
0.470173789681032,-1.66535631033712,0
0.480755268155285,-1.66276963024185,0
0.491322815843056,-1.6601157505089,0
0.501876006182118,-1.65739474397506,0
0.512414412974772,-1.65460668618368,0
0.522937610405016,-1.65175165538292,0
0.533445173055703,-1.64882973252396,0
0.543936675925691,-1.64584100125911,0
0.554411694446984,-1.64278554793971,0
0.56486980450188,-1.6396634616141,0
0.575310582440084,-1.63647483402527,0
0.585733605095818,-1.63321975960859,0
0.596138449804941,-1.6298983354893,0
0.60652469442203,-1.62651066147996,0
0.616891917337462,-1.62305684007778,0
0.627239697494473,-1.61953697646179,0
0.637567614406226,-1.61595117849002,0
0.647875248172835,-1.61229955669641,0
0.658162179498393,-1.60858222428778,0
0.668427989707977,-1.60479929714054,0
0.678672260764642,-1.60095089379741,0
0.688894575286395,-1.59703713546396,0
0.699094516563133,-1.59305814600509,0
0.709271668573606,-1.58901405194132,0
0.719425616002316,-1.58490498244511,0
0.729555944256421,-1.58073106933693,0
0.739662239482602,-1.57649244708131,0
0.749744088583932,-1.57218925278277,0
0.759801079236699,-1.56782162618158,0
0.769832799907221,-1.56338970964953,0
0.779838839868624,-1.55889364818547,0
0.789818789217616,-1.55433358941082,0
0.799772238891224,-1.54970968356495,0
0.809698780683489,-1.54502208350047,0
0.819598007262175,-1.54027094467837,0
0.829469512185416,-1.53545642516309,0
0.83931288991835,-1.53057868561748,0
0.849127735849717,-1.52563788929765,0
0.858913646308444,-1.52063420204772,0
0.868670218580185,-1.51556779229443,0
0.878397050923833,-1.51043883104169,0
0.888093742588004,-1.50524749186501,0
0.897759893827496,-1.49999395090581,0
0.907395105919706,-1.49467838686565,0
0.91699898118101,-1.4893009810003,0
0.926571122983124,-1.48386191711381,0
0.936111135769423,-1.47836138155235,0
0.945618625071225,-1.47279956319802,0
0.955093197524033,-1.46717665346258,0
0.964534460883755,-1.46149284628099,0
0.973942024042882,-1.45574833810492,0
0.983315497046612,-1.44994332789612,0
0.992654491108964,-1.4440780171197,0
1.00195861862883,-1.4381526097373,0
1.01122749320601,-1.43216731220018,0
1.02046072965715,-1.42612233344214,0
1.02965794403176,-1.42001788487245,0
1.03881875362803,-1.41385418036855,0
1.04794277700873,-1.40763143626877,0
1.05702963401702,-1.40134987136483,0
1.06607894579221,-1.39500970689436,0
1.0750903347855,-1.3886111665332,0
1.08406342477563,-1.38215447638767,0
1.09299784088456,-1.37563986498676,0
1.10189320959301,-1.36906756327414,0
1.11074915875604,-1.36243780460014,0
1.11956531761854,-1.35575082471358,0
1.12834131683064,-1.34900686175356,0
1.13707678846316,-1.34220615624107,0
1.14577136602292,-1.33534895107058,0
1.15442468446807,-1.32843549150149,0
1.16303638022331,-1.32146602514947,0
1.17160609119509,-1.31444080197774,0
1.18013345678676,-1.30736007428824,0
1.1886181179137,-1.30022409671265,0
1.19705971701827,-1.29303312620341,0
1.2054578980849,-1.28578742202454,0
1.21381230665493,-1.27848724574248,0
1.22212258984156,-1.27113286121669,0
1.23038839634459,-1.26372453459028,0
1.23860937646529,-1.25626253428049,0
1.24678518212099,-1.24874713096905,0
1.25491546685983,-1.24117859759253,0
1.26299988587529,-1.23355720933248,0
1.27103809602073,-1.22588324360558,0
1.2790297558239,-1.21815698005361,0
1.28697452550131,-1.21037870053342,0
1.29487206697261,-1.20254868910672,0
1.30272204387486,-1.19466723202981,0
1.31052412157679,-1.18673461774324,0
1.31827796719294,-1.17875113686133,0
1.32598324959777,-1.17071708216167,0
1.33363963943973,-1.16263274857442,0
1.34124680915518,-1.15449843317165,0
1.34880443298237,-1.14631443515648,0
1.35631218697522,-1.13808105585216,0
1.36376974901717,-1.12979859869113,0
1.37117679883482,-1.12146736920387,0
1.37853301801165,-1.11308767500777,0
1.38583809000154,-1.10465982579584,0
1.39309170014233,-1.09618413332536,0
1.40029353566923,-1.08766091140643,0
1.4074432857282,-1.07909047589047,0
1.41454064138926,-1.07047314465859,0
1.42158529565974,-1.06180923760986,0
1.42857694349739,-1.05309907664957,0
1.43551528182354,-1.04434298567732,0
1.44240000953605,-1.03554129057507,0
1.44923082752231,-1.02669431919512,0
1.45600743867209,-1.01780240134793,0
1.46272954789032,-1.00886586878996,0
1.46939686210984,-0.999885055211322,0
1.47600909030407,-0.990860296223464,0
1.48256594349951,-0.981791929346649,0
1.48906713478831,-0.972680293997445,0
1.49551237934068,-0.963525731476083,0
1.50190139441718,-0.954328584953762,0
1.50823389938105,-0.945089199459853,0
1.51450961571037,-0.935807921869033,0
1.52072826701018,-0.926485100888334,0
1.52688957902449,-0.917121087044125,0
1.53299327964825,-0.907716232668999,0
1.53903909893923,-0.898270891888586,0
1.54502676912977,-0.888785420608296,0
1.55095602463854,-0.879260176499978,0
1.55682660208211,-0.869695518988504,0
1.56263824028657,-0.860091809238273,0
1.56839068029891,-0.850449410139645,0
1.57408366539844,-0.840768686295298,0
1.57971694110812,-0.831050004006504,0
1.58529025520568,-0.821293731259339,0
1.59080335773483,-0.811500237710817,0
1.59625600101626,-0.801669894674949,0
1.60164793965861,-0.791803075108724,0
1.60697893056934,-0.781900153598032,0
1.61224873296548,-0.7719615063435,0
1.61745710838437,-0.76198751114627,0
1.62260382069425,-0.751978547393693,0
1.62768863610478,-0.741934996044958,0
1.63271132317745,-0.731857239616671,0
1.63767165283598,-0.721745662168323,0
1.64256939837648,-0.711600649287725,0
1.64740433547772,-0.701422588076367,0
1.65217624221112,-0.691211867134703,0
1.65688489905077,-0.680968876547368,0
1.6615300888833,-0.670694007868339,0
1.66611159701772,-0.660387654106023,0
1.67062921119507,-0.650050209708283,0
1.67508272159807,-0.63968207054739,0
1.67947192086063,-0.629283633904926,0
1.6837966040773,-0.618855298456623,0
1.68805656881256,-0.608397464257113,0
1.6922516151101,-0.597910532724652,0
1.69638154550195,-0.587394906625755,0
1.70044616501751,-0.576850990059797,0
1.70444528119257,-0.566279188443513,0
1.70837870407808,-0.555679908495479,0
1.71224624624899,-0.545053558220511,0
1.71604772281285,-0.534400546894016,0
1.71978295141845,-0.523721285046271,0
1.72345175226422,-0.513016184446654,0
1.72705394810667,-0.502285658087834,0
1.73058936426861,-0.491530120169863,0
1.73405782864736,-0.480749986084254,0
1.73745917172282,-0.46994567239798,0
1.74079322656543,-0.459117596837435,0
1.7440598288441,-0.448266178272319,0
1.74725881683394,-0.437391836699488,0
1.75039003142394,-0.426494993226747,0
1.75345331612459,-0.415576070056595,0
1.7564485170753,-0.404635490469902,0
1.75937548305183,-0.393673678809549,0
1.76223406547353,-0.382691060464032,0
1.76502411841051,-0.371688061850975,0
1.76774549859074,-0.360665110400637,0
1.77039806540698,-0.349622634539343,0
1.77298168092366,-0.338561063672892,0
1.77549620988364,-0.327480828169883,0
1.77794151971487,-0.316382359345029,0
1.78031748053692,-0.305266089442411,0
1.78262396516747,-0.294132451618685,0
1.7848608491286,-0.282981879926243,0
1.78702801065306,-0.27181480929634,0
1.78912533069041,-0.260631675522174,0
1.79115269291302,-0.249432915241918,0
1.793109983722,-0.238218965921715,0
1.79499709225304,-0.226990265838629,0
1.79681391038208,-0.215747254063569,0
1.79856033273093,-0.204490370444146,0
1.80023625667276,-0.193220055587518,0
1.8018415823375,-0.181936750843182,0
1.80337621261711,-0.170640898285737,0
1.80484005317076,-0.159332940697595,0
1.80623301242986,-0.148013321551672,0
1.80755500160306,-0.136682484994038,0
1.80880593468108,-0.125340875826529,0
1.80998572844145,-0.113988939489325,0
1.81109430245312,-0.102627122043493,0
1.81213157908102,-0.0912558701535091,0
1.81309748349043,-0.079875631069733,0
1.8139919436513,-0.0684868526108518,0
1.81481489034243,-0.0570899831463079,0
1.81556625715558,-0.045685471578682,0
1.81624598049941,-0.0342737673260477,0
1.81685399960333,-0.0228553203043037,0
1.81739025652129,-0.0114305809094786,0
1.81785469613539,-4.45245986987437e-16,0
