0.525374365675832,0,0
0.526100427437491,0,0.00297474267704846
0.52683263983265,0,0.00594321619597017
0.527570990281291,0,0.00890542160633906
0.528315466203397,0,0.011861359957729
0.529066055018947,0,0.014811032299714
0.529822744147925,0,0.0177544396818678
0.530585521010312,0,0.0206915831537645
0.531354373026088,0,0.0236224637649778
0.532129287615237,0,0.0265470825650817
0.532910252197738,0,0.0294654406036502
0.533697254193575,0,0.0323775389302571
0.534490281022728,0,0.0352833785944763
0.535289320105179,0,0.0381829606458817
0.53609435886091,0,0.0410762861340473
0.536905384709902,0,0.0439633561085469
0.537722385072136,0,0.0468441716189544
0.538545347367595,0,0.0497187337148439
0.53937425901626,0,0.0525870434457891
0.540209107438113,0,0.0554491018613639
0.541049880053134,0,0.0583049100111424
0.541896564281306,0,0.0611544689446983
0.54274914754261,0,0.0639977797116056
0.543607617257028,0,0.0668348433614382
0.544471960844542,0,0.06966566094377
0.545342165725132,0,0.0724902335081749
0.546218219318781,0,0.0753085621042268
0.54710010904547,0,0.0781206477814996
0.54798782232518,0,0.0809264915895673
0.548881346577894,0,0.0837260945780037
0.549780669223593,0,0.0865194577963827
0.550685777682258,0,0.0893065822942783
0.55159665937387,0,0.0920874691212643
0.552513301718413,0,0.0948621193269147
0.553435692135866,0,0.0976305339608033
0.554363818046212,0,0.100392714072504
0.555297666869433,0,0.103148660711591
0.556237226025509,0,0.105898374927638
0.557182482934422,0,0.108641857770219
0.558133425016155,0,0.111379110288907
0.559090039690688,0,0.114110133533277
0.560052314378003,0,0.116834928552903
0.561020236498082,0,0.119553496397359
0.561993793470906,0,0.122265838116217
0.562972972716456,0,0.124971954759054
0.563957761654716,0,0.127671847375441
0.564948147705665,0,0.130365517014953
0.565944118289285,0,0.133052964727165
0.566945660825559,0,0.135734191561649
0.567952762734468,0,0.138409198567981
0.568965411435993,0,0.141077986795733
0.569983594350115,0,0.143740557294479
0.571007298896817,0,0.146396911113795
0.57203651249608,0,0.149047049303253
0.573071222567886,0,0.151690972912427
0.574111416532216,0,0.154328682990891
0.575157081809051,0,0.15696018058822
0.576208205818374,0,0.159585466753987
0.577264775980165,0,0.162204542537765
0.578326779714407,0,0.16481740898913
0.579394204441081,0,0.167424067157655
0.580467037580168,0,0.170024518092913
0.581545266551651,0,0.172618762844479
0.58262887877551,0,0.175206802461926
0.583717861671728,0,0.177788637994829
0.584812202660286,0,0.180364270492761
0.585911889161164,0,0.182933701005297
0.587016908594346,0,0.18549693058201
0.588127248379813,0,0.188053960272473
0.589242895937546,0,0.190604791126262
0.590363838687526,0,0.19314942419295
0.591490064049736,0,0.19568786052211
0.592621559444156,0,0.198220101163317
0.593758312290769,0,0.200746147166145
0.594900310009556,0,0.203265999580167
0.596047540020499,0,0.205779659454958
0.597199989743579,0,0.208287127840091
0.598357646598778,0,0.21078840578514
0.599520498006077,0,0.213283494339679
0.600688531385457,0,0.215772394553282
0.601861734156901,0,0.218255107475524
0.603040093740391,0,0.220731634155977
0.604223597555907,0,0.223201975644216
0.605412233023431,0,0.225666132989814
0.606605987562944,0,0.228124107242346
0.60780484859443,0,0.230575899451386
0.609008803537868,0,0.233021510666507
0.61021783981324,0,0.235460941937283
0.611431944840529,0,0.237894194313289
0.612651106039715,0,0.240321268844097
0.613875310830781,0,0.242742166579283
0.615104546633707,0,0.24515688856842
0.616338800868475,0,0.247565435861081
0.617578060955068,0,0.249967809506841
0.618822314313466,0,0.252364010555274
0.620071548363651,0,0.254754040055953
0.621325750525605,0,0.257137899058453
0.622584908219308,0,0.259515588612347
0.623849008864744,0,0.261887109767209
0.625118039881893,0,0.264252463572613
0.626391988690737,0,0.266611651078134
0.627670842711258,0,0.268964673333344
0.628954589363436,0,0.271311531387819
0.630243216067254,0,0.273652226291131
0.631536710242694,0,0.275986759092855
0.632835059309736,0,0.278315130842564
0.634138250688362,0,0.280637342589833
0.635446271798555,0,0.282953395384236
0.636759110060295,0,0.285263290275345
0.638076752893564,0,0.287567028312736
0.639399187718344,0,0.289864610545982
0.640726401954616,0,0.292156038024658
0.642058383022362,0,0.294441311798336
0.643395118341563,0,0.29672043291659
0.644736595332202,0,0.298993402428996
0.646082801414258,0,0.301260221385126
0.647433724007715,0,0.303520890834555
0.648789350532554,0,0.305775411826857
0.650149668408756,0,0.308023785411605
0.651514665056302,0,0.310266012638373
0.652884327895175,0,0.312502094556735
0.654258644345357,0,0.314732032216265
0.655637601826827,0,0.316955826666537
0.657021187759569,0,0.319173478957126
0.658409389563563,0,0.321384990137604
0.659802194658792,0,0.323590361257546
0.661199590465236,0,0.325789593366525
0.662601564402878,0,0.327982687514116
0.664008103891699,0,0.330169644749892
0.665419196351681,0,0.332350466123428
0.666834829202805,0,0.334525152684297
0.668254989865052,0,0.336693705482073
0.669679665758405,0,0.338856125566331
0.671108844302844,0,0.341012413986643
0.672542512918352,0,0.343162571792584
0.67398065902491,0,0.345306600033728
0.675423270042499,0,0.347444499759648
0.676870333391102,0,0.34957627201992
0.678321836490699,0,0.351701917864115
0.679777766761273,0,0.353821438341809
0.681238111622805,0,0.355934834502576
0.682702858495276,0,0.358042107395988
0.684171994798668,0,0.360143258071621
0.685645507952962,0,0.362238287579048
0.687123385378141,0,0.364327196967843
0.688605614494186,0,0.366409987287579
0.690092182721077,0,0.368486659587832
0.691583077478798,0,0.370557214918174
0.693078286187329,0,0.372621654328179
0.694577796266653,0,0.374679978867422
0.696081595136749,0,0.376732189585477
0.697589670217601,0,0.378778287531916
0.69910200892919,0,0.380818273756315
0.700618598691497,0,0.382852149308247
0.702139426924504,0,0.384879915237286
0.703664481048193,0,0.386901572593006
0.705193748482544,0,0.388917122424981
0.70672721664754,0,0.390926565782785
0.708264872963163,0,0.392929903715991
0.709806704849393,0,0.394927137274173
0.711352699726212,0,0.396918267506906
0.712902845013602,0,0.398903295463764
0.714457128131545,0,0.40088222219432
0.716015536500022,0,0.402855048748147
0.717578057539015,0,0.404821776174821
0.719144678668505,0,0.406782405523915
0.720715387308473,0,0.408736937845003
0.722290170878902,0,0.410685374187658
0.723869016799773,0,0.412627715601456
0.725451912491067,0,0.414563963135969
0.727038845372767,0,0.416494117840771
0.728629802864853,0,0.418418180765437
0.730224772387307,0,0.42033615295954
0.731823741360111,0,0.422248035472654
0.733426697203246,0,0.424153829354353
0.735033627336695,0,0.426053535654212
0.736644519180438,0,0.427947155421803
0.738259360154457,0,0.429834689706701
0.739878137678734,0,0.43171613955848
0.741500839173249,0,0.433591506026714
0.743127452057986,0,0.435460790160976
0.744757963752925,0,0.437323993010841
0.746392361678048,0,0.439181115625882
0.748030633253337,0,0.441032159055673
0.749672765898773,0,0.442877124349789
0.751318747034337,0,0.444716012557802
0.752968564080012,0,0.446548824729288
0.754622204455778,0,0.44837556191382
0.756279655581618,0,0.450196225160971
0.757940904877513,0,0.452010815520316
0.759605939763444,0,0.453819334041429
0.761274747659394,0,0.455621781773883
0.762947315985343,0,0.457418159767253
0.764623632161273,0,0.459208469071112
0.766303683607167,0,0.460992710735034
0.767987457743004,0,0.462770885808593
0.769674941988768,0,0.464542995341364
0.771366123764439,0,0.466309040382919
0.77306099049,0,0.468069021982834
0.774759529585431,0,0.469822941190681
0.776461728470715,0,0.471570799056035
0.778167574565832,0,0.473312596628469
0.779877055290764,0,0.475048334957558
0.781590158065494,0,0.476778015092875
0.783306870310002,0,0.478501638083995
0.785027179444271,0,0.480219204980491
0.786751072888281,0,0.481930716831937
0.788478538062014,0,0.483636174687907
0.790209562385453,0,0.485335579597975
0.791944133278577,0,0.487028932611715
0.79368223816137,0,0.4887162347787
0.795423864453812,0,0.490397487148505
0.797168999575886,0,0.492072690770704
0.798917630947572,0,0.49374184669487
0.800669745988853,0,0.495404955970578
0.802425332119709,0,0.497062019647401
0.804184376760123,0,0.498713038774913
0.805946867330076,0,0.500358014402688
0.807712791249549,0,0.5019969475803
0.809482135938525,0,0.503629839357324
0.811254888816984,0,0.505256690783331
0.813031037304909,0,0.506877502907898
0.814810568822281,0,0.508492276780597
0.816593470789081,0,0.510101013451003
0.818379730625291,0,0.511703713968689
0.820169335750893,0,0.51330037938323
0.821962273585868,0,0.514891010744199
0.823758531550198,0,0.51647560910117
0.825558097063864,0,0.518054175503717
0.827360957546848,0,0.519626711001414
0.829167100419131,0,0.521193216643834
0.830976513100696,0,0.522753693480553
0.832789183011523,0,0.524308142561143
0.834605097571594,0,0.525856564935179
0.836424244200892,0,0.527398961652235
0.838246610319396,0,0.528935333761884
0.84007218334709,0,0.5304656823137
0.841900950703954,0,0.531990008357257
0.84373289980997,0,0.53350831294213
0.845568018085119,0,0.535020597117891
0.847406292949384,0,0.536526861934116
0.849247711822746,0,0.538027108440377
0.851092262125186,0,0.539521337686249
0.852939931276686,0,0.541009550721306
0.854790706697227,0,0.542491748595121
0.856644575806792,0,0.543967932357269
0.858501526025361,0,0.545438103057323
0.860361544772917,0,0.546902261744857
0.86222461946944,0,0.548360409469446
0.864090737534913,0,0.549812547280662
0.865959886389316,0,0.551258676228081
0.867832053452632,0,0.552698797361276
0.869707226144843,0,0.55413291172982
0.871585391885929,0,0.555561020383288
0.873466538095872,0,0.556983124371254
0.875350652194654,0,0.558399224743291
0.877237721602256,0,0.559809322548974
0.879127733738661,0,0.561213418837876
0.881020676023848,0,0.562611514659571
0.882916535877802,0,0.564003611063634
0.884815300720501,0,0.565389709099637
0.886716957971929,0,0.566769809817156
0.888621495052067,0,0.568143914265763
0.890528899380896,0,0.569512023495033
0.892439158378399,0,0.57087413855454
0.894352259464555,0,0.572230260493857
0.896268190059348,0,0.573580390362559
0.898186937582759,0,0.574924529210219
0.900108489454769,0,0.576262678086412
0.90203283309536,0,0.577594838040711
0.903959955924513,0,0.57892101012269
0.90588984536221,0,0.580241195381923
0.907822488828433,0,0.581555394867984
0.909757873743163,0,0.582863609630446
0.911695987526381,0,0.584165840718885
0.91363681759807,0,0.585462089182873
0.915580351378211,0,0.586752356071985
0.917526576286785,0,0.588036642435794
0.919475479743774,0,0.589314949323874
0.92142704916916,0,0.5905872777858
0.923381271982924,0,0.591853628871145
0.925338135605048,0,0.593114003629483
0.927297627455513,0,0.594368403110388
0.9292597349543,0,0.595616828363434
0.931224445521393,0,0.596859280438195
0.933191746576771,0,0.598095760384244
0.935161625540417,0,0.599326269251157
0.937134069832312,0,0.600550808088505
0.939109066872438,0,0.601769377945864
0.941086604080776,0,0.602981979872808
0.943066668877308,0,0.604188614918909
0.945049248682016,0,0.605389284133743
0.94703433091488,0,0.606583988566883
0.949021902995884,0,0.607772729267903
0.951011952345007,0,0.608955507286377
0.953004466382232,0,0.610132323671878
0.954999432527541,0,0.611303179473981
0.956996838200914,0,0.61246807574226
0.958996670822334,0,0.613627013526288
0.960998917811782,0,0.61477999387564
0.963003566589239,0,0.615927017839889
0.965010604574688,0,0.617068086468609
0.96702001918811,0,0.618203200811374
0.969031797849486,0,0.619332361917759
0.971045927978797,0,0.620455570837336
0.973062396996027,0,0.62157282861968
0.975081192321155,0,0.622684136314365
0.977102301374164,0,0.623789494970965
0.979125711575035,0,0.624888905639053
0.981151410343751,0,0.625982369368204
0.983179385100291,0,0.62706988720799
0.985209623264638,0,0.628151460207987
0.987242112256774,0,0.629227089417769
0.98927683949668,0,0.630296775886908
0.991313792404338,0,0.631360520664979
0.993352958399729,0,0.632418324801557
0.995394324902834,0,0.633470189346214
0.997437879333636,0,0.634516115348525
0.999483609112116,0,0.635556103858063
1.00153150165826,0,0.636590155924403
1.00358154439204,0,0.637618272597119
1.00563372473344,0,0.638640454925784
1.00768803010245,0,0.639656703959971
1.00974444791904,0,0.640667020749257
1.0118029656032,0,0.641671406343213
1.01386357057491,0,0.642669861791414
1.01592625025415,0,0.643662388143434
1.0179909920609,0,0.644648986448847
1.02005778341515,0,0.645629657757226
1.02212661173687,0,0.646604403118147
1.02419746444605,0,0.647573223581181
1.02627032896266,0,0.648536120195904
1.0283451927067,0,0.649493094011889
1.03042204309814,0,0.650444146078711
1.03250086755696,0,0.651389277445943
1.03458165350315,0,0.652328489163158
1.03666438835668,0,0.653261782279932
1.03874905953754,0,0.654189157845837
1.04083565446571,0,0.655110616910448
1.04292416056117,0,0.656026160523339
1.0450145652439,0,0.656935789734084
1.04710685593389,0,0.657839505592256
1.04920102005111,0,0.658737309147428
1.05129704501555,0,0.659629201449177
1.05339491824719,0,0.660515183547075
1.05549462716601,0,0.661395256490696
1.05759615919199,0,0.662269421329613
1.05969950174512,0,0.663137679113402
1.06180464224537,0,0.664000030891635
1.06391156811272,0,0.664856477713887
1.06602026676717,0,0.665707020629732
1.06813072562868,0,0.666551660688744
1.07024293211725,0,0.667390398940495
1.07235687365285,0,0.668223236434561
1.07447253765546,0,0.669050174220515
1.07658991154507,0,0.669871213347932
1.07870898274166,0,0.670686354866384
1.08082973866521,0,0.671495599825447
1.0829521667357,0,0.672298949274693
1.08507625437311,0,0.673096404263697
1.08720198899742,0,0.673887965842033
1.08932935802862,0,0.674673635059274
1.09145834888669,0,0.675453412964995
1.09358894899161,0,0.676227300608769
1.09572114576335,0,0.676995299040171
1.09785492662191,0,0.677757409308774
1.09999027898726,0,0.678513632464152
1.10212719027939,0,0.679263969555878
1.10426564791828,0,0.680008421633528
1.1064056393239,0,0.680746989746675
1.10854715191624,0,0.681479674944892
1.11069017311528,0,0.682206478277754
1.11283469034101,0,0.682927400794835
1.1149806910134,0,0.683642443545708
1.11712816255243,0,0.684351607579948
1.1192770923781,0,0.685054893947127
1.12142746791037,0,0.685752303696821
1.12357927656924,0,0.686443837878603
1.12573250577467,0,0.687129497542047
1.12788714294666,0,0.687809283736727
1.13004317550519,0,0.688483197512216
1.13220059087023,0,0.68915123991809
1.13435937646177,0,0.689813412003921
1.1365195196998,0,0.690469714819283
1.13868100800428,0,0.691120149413751
1.14084382879521,0,0.691764716836898
1.14300796949256,0,0.692403418138299
1.14517341751632,0,0.693036254367526
1.14734016028646,0,0.693663226574155
1.14950818522298,0,0.694284335807759
1.15167747974585,0,0.694899583117911
1.15384803127505,0,0.695508969554187
1.15601982723056,0,0.696112496166159
1.15819285503237,0,0.696710164003401
1.16036710210046,0,0.697301974115488
1.16254255585481,0,0.697887927551994
1.1647192037154,0,0.698468025362491
1.16689703310221,0,0.699042268596555
1.16907603143522,0,0.699610658303759
1.17125618613442,0,0.700173195533677
1.17343748461979,0,0.700729881335883
1.1756199143113,0,0.701280716759951
1.17780346262895,0,0.701825702855455
1.1799881169927,0,0.702364840671968
1.18217386482255,0,0.702898131259065
1.18436069353848,0,0.703425575666319
1.18654859056046,0,0.703947174943305
1.18873754330848,0,0.704462930139595
1.19092753920252,0,0.704972842304766
1.19311856566256,0,0.705476912488389
1.19531061010858,0,0.705975141740039
1.19750365996057,0,0.70646753110929
1.1996977026385,0,0.706954081645715
1.20189272556236,0,0.70743479439889
1.20408871615213,0,0.707909670418387
1.20628566182779,0,0.708378710753781
1.20848355000932,0,0.708841916454645
1.21068236811671,0,0.709299288570553
1.21288210356993,0,0.70975082815108
1.21508274378897,0,0.710196536245798
1.21728427619381,0,0.710636413904284
1.21948668820442,0,0.711070462176108
1.2216899672408,0,0.711498682110847
1.22389410072292,0,0.711921074758073
1.22609907607077,0,0.712337641167361
1.22830488070432,0,0.712748382388285
1.23051150204356,0,0.713153299470418
1.23271892750847,0,0.713552393463335
1.23492714451903,0,0.713945665416609
1.23713614049522,0,0.714333116379814
1.23934590285703,0,0.714714747402524
1.24155641902443,0,0.715090559534313
1.24376767641741,0,0.715460553824755
1.24597966245595,0,0.715824731323424
1.24819236456003,0,0.716183093079894
1.25040577014964,0,0.716535640143738
1.25261986664474,0,0.716882373564531
1.25483464146533,0,0.717223294391846
1.25705008203139,0,0.717558403675258
1.2592661757629,0,0.71788770246434
1.26148291007983,0,0.718211191808666
1.26370027240218,0,0.71852887275781
1.26591825014992,0,0.718840746361347
1.26813683074303,0,0.719146813668848
1.27035600160151,0,0.719447075729891
1.27257575014531,0,0.719741533594046
1.27479606379444,0,0.720030188310889
1.27701692996887,0,0.720313040929994
1.27923833608858,0,0.720590092500934
1.28146026957356,0,0.720861344073284
1.28368271784378,0,0.721126796696616
1.28590566831923,0,0.721386451420506
1.28812910841989,0,0.721640309294527
1.29035302556573,0,0.721888371368253
1.29257740717676,0,0.722130638691258
1.29480224067293,0,0.722367112313115
1.29702751347424,0,0.722597793283399
1.29925321300066,0,0.722822682651684
1.30147932667219,0,0.723041781467543
1.30370584190879,0,0.723255090780551
1.30593274613045,0,0.723462611640281
1.30816002675716,0,0.723664345096307
1.31038767120889,0,0.723860292198203
1.31261566690563,0,0.724050453995543
1.31484400126736,0,0.724234831537902
1.31707266171405,0,0.724413425874851
1.3193016356657,0,0.724586238055967
1.32153091054228,0,0.724753269130822
1.32376047376377,0,0.724914520148992
1.32599031275016,0,0.725069992160048
1.32822041492142,0,0.725219686213566
1.33045076769754,0,0.725363603359119
1.33268135849851,0,0.725501744646281
1.33491217474429,0,0.725634111124626
1.33714320385488,0,0.725760703843728
1.33937443325026,0,0.725881523853161
1.3416058503504,0,0.725996572202499
1.34383744257529,0,0.726105849941316
1.34606919734491,0,0.726209358119185
1.34830110207923,0,0.72630709778568
1.35053314419826,0,0.726399069990377
1.35276531112195,0,0.726485275782847
1.35499759027031,0,0.726565716212666
1.3572299690633,0,0.726640392329407
1.35946243492091,0,0.726709305182644
1.36169497526312,0,0.726772455821951
1.36392757750991,0,0.726829845296901
1.36616022908127,0,0.72688147465707
1.36839291739717,0,0.72692734495203
1.3706256298776,0,0.726967457231356
1.37285835394254,0,0.727001812544621
1.37509107701197,0,0.7270304119414
1.37732378650586,0,0.727053256471266
1.37955646984422,0,0.727070347183793
1.38178911444701,0,0.727081685128555
1.38402170773421,0,0.727087271355126
1.38625423712581,0,0.72708710691308
1.38848669004179,0,0.727081192851991
1.39071905390214,0,0.727069530221433
1.39295131612682,0,0.727052120070979
1.39518346413583,0,0.727028963450204
1.39741548534915,0,0.727000061408681
1.39964736718675,0,0.726965414995985
1.40187909706863,0,0.726925025261689
1.40411066241475,0,0.726878893255367
1.4063420506451,0,0.726827020026593
1.40857324917967,0,0.726769406624942
1.41080424543844,0,0.726706054099986
1.41303502684138,0,0.726636963501299
1.41526558080848,0,0.726562135878457
1.41749589475972,0,0.726481572281032
1.41972595611508,0,0.726395273758599
1.42195575229455,0,0.726303241360731
1.4241852707181,0,0.726205476137002
1.42641449880571,0,0.726101979136987
1.42864342397738,0,0.725992751410259
1.43087203365307,0,0.725877794006392
1.43310031525277,0,0.72575710797496
1.43532825619647,0,0.725630694365536
1.43755584390414,0,0.725498554227696
1.43978306579577,0,0.725360688611012
1.44200990929133,0,0.725217098565058
1.44423636181082,0,0.72506778513941
1.4464624107742,0,0.724912749383639
1.44868804360147,0,0.724751992347321
1.4509132477126,0,0.724585515080029
1.45313801052757,0,0.724413318631337
1.45536231946637,0,0.724235404050819
1.45758616194898,0,0.724051772388049
1.45980952539538,0,0.723862424692601
1.46203239722555,0,0.723667362014049
1.46425476485948,0,0.723466585401966
1.46647661571714,0,0.723260095905927
1.46869793721851,0,0.723047894575505
1.47091871678359,0,0.722829982460275
1.47313894183234,0,0.72260636060981
1.47535859978475,0,0.722377030073684
1.47757767806081,0,0.722141991901471
1.47979616408049,0,0.721901247142745
1.48201404526378,0,0.72165479684708
1.48423130903065,0,0.721402642064049
1.48644794280109,0,0.721144783843228
1.48866393399508,0,0.720881223234189
1.49087927003261,0,0.720611961286507
1.49309393833365,0,0.720336999049755
1.49530792631818,0,0.720056337573507
1.49752122140619,0,0.719769977907337
1.49973381101766,0,0.71947792110082
1.50194568257257,0,0.719180168203529
1.5041568234909,0,0.718876720265038
1.50636722119263,0,0.71856757833492
1.50857686309775,0,0.71825274346275
1.51078573662623,0,0.717932216698102
1.51299382919806,0,0.71760599909055
1.51520112823322,0,0.717274091689667
1.51740762115169,0,0.716936495545027
1.51961329537346,0,0.716593211706205
1.52181813831849,0,0.716244241222774
1.52402213740679,0,0.715889585144308
1.52622528005832,0,0.715529244520381
1.52842755369307,0,0.715163220400567
1.53062894573101,0,0.71479151383444
1.53282944359215,0,0.714414125871573
1.53502903469644,0,0.714031057561541
1.53722770646388,0,0.713642309953918
1.53942544631445,0,0.713247884098277
1.54162224166812,0,0.712847781044192
1.54381807994489,0,0.712442001841238
1.54601294856472,0,0.712030547538988
1.54820683494761,0,0.711613419187016
1.55039972651353,0,0.711190617834896
1.55259161068247,0,0.710762144532202
1.55478247487441,0,0.710328000328507
1.55697230650932,0,0.709888186273386
1.5591610930072,0,0.709442703416413
1.56134882178802,0,0.708991552807162
1.56353548027176,0,0.708534735495206
1.56572105587841,0,0.708072252530119
1.56790553602795,0,0.707604104961475
1.57008890814035,0,0.707130293838848
1.5722711596356,0,0.706650820211813
1.57445227793369,0,0.706165685129942
1.57663225045459,0,0.705674889642811
1.57881106461828,0,0.705178434799992
1.58098870784475,0,0.70467632165106
1.58316516755398,0,0.704168551245588
1.58534043116595,0,0.703655124633151
1.58751448610064,0,0.703136042863322
1.58968731977803,0,0.702611306985675
1.59185891961811,0,0.702080918049785
1.59402927304085,0,0.701544877105225
1.59619836746624,0,0.701003185201569
1.59836619031426,0,0.700455843388391
1.60053272900489,0,0.699902852715264
1.60269797095811,0,0.699344214231763
1.60486190359391,0,0.698779928987462
1.60702451433226,0,0.698209998031935
1.60918579059315,0,0.697634422414754
1.61134571979656,0,0.697053203185496
1.61350428936246,0,0.696466341393732
1.61566148671085,0,0.695873838089038
1.6178172992617,0,0.695275694320986
1.619971714435,0,0.694671911139152
1.62212471965072,0,0.694062489593109
1.62427630232885,0,0.69344743073243
1.62642644988938,0,0.69282673560669
1.62857514975227,0,0.692200405265463
1.63072238933751,0,0.691568440758322
1.63286815606509,0,0.690930843134841
1.63501243735498,0,0.690287613444595
1.63715522062718,0,0.689638752737157
1.63929649330165,0,0.688984262062102
1.64143624279838,0,0.688324142469002
1.64357445653735,0,0.687658395007432
1.64571112193855,0,0.686987020726966
1.64784622642195,0,0.686310020677178
1.64997975740754,0,0.685627395907642
1.6521117023153,0,0.684939147467931
1.65424204856521,0,0.684245276407619
1.65637078357725,0,0.683545783776281
1.6584978947714,0,0.68284067062349
1.66062336956765,0,0.682129937998821
1.66274719538597,0,0.681413586951846
1.66486935964635,0,0.680691618532141
1.66698984976877,0,0.679964033789278
1.66910865317321,0,0.679230833772832
1.67122575727966,0,0.678492019532377
1.67334114950809,0,0.677747592117487
1.67545481727848,0,0.676997552577735
1.67756674801082,0,0.676241901962696
1.67967692912509,0,0.675480641321943
1.68178534804127,0,0.67471377170505
1.68389199217935,0,0.673941294161591
1.68599684895929,0,0.673163209741141
1.68809990580109,0,0.672379519493272
1.69020115012473,0,0.671590224467559
1.69230056935019,0,0.670795325713576
1.69439815089745,0,0.669994824280897
1.69649388218648,0,0.669188721219095
1.69858775063728,0,0.668377017577745
1.70067974366983,0,0.66755971440642
1.7027698487041,0,0.666736812754695
1.70485805316008,0,0.665908313672143
1.70694434445775,0,0.665074218208338
1.70902871001709,0,0.664234527412854
1.71111113725808,0,0.663389242335265
1.71319161360071,0,0.662538364025144
1.71527012646495,0,0.661681893532067
1.71734666327079,0,0.660819831905606
1.71942121143821,0,0.659952180195336
1.72149375838719,0,0.65907893945083
1.72356429153771,0,0.658200110721663
1.72563279830975,0,0.657315695057408
1.7276992661233,0,0.656425693507638
1.72976368239834,0,0.65553010712193
1.73182603455484,0,0.654628936949855
1.73388631001279,0,0.653722184040988
1.73594449619218,0,0.652809849444903
1.73800058051298,0,0.651891934211173
1.74005455039517,0,0.650968439389374
1.74210639325874,0,0.650039366029078
1.74415609652366,0,0.649104715179859
1.74620364760993,0,0.648164487891291
1.74824903393751,0,0.647218685212949
1.7502922429264,0,0.646267308194406
1.75233326199657,0,0.645310357885236
1.75437207856801,0,0.644347835335013
1.7564086800607,0,0.643379741593311
1.75844305389461,0,0.642406077709704
1.76047518748973,0,0.641426844733765
1.76250506826605,0,0.640442043715069
1.76453268364354,0,0.63945167570319
1.76655802104218,0,0.6384557417477
1.76858106788196,0,0.637454242898176
1.77060181158286,0,0.636447180204189
1.77262023956486,0,0.635434554715315
1.77463633924794,0,0.634416367481126
1.77665009805208,0,0.633392619551198
1.77866150339727,0,0.632363311975103
1.78067054270348,0,0.631328445802416
1.7826772033907,0,0.630288022082711
1.78468147287891,0,0.629242041865561
1.78668333858809,0,0.628190506200541
1.78868278793823,0,0.627133416137224
1.79067980834929,0,0.626070772725185
1.79267438724127,0,0.625002577013997
1.79466651203415,0,0.623928830053233
1.79665617014791,0,0.622849532892469
1.79864334900253,0,0.621764686581278
1.80062803601799,0,0.620674292169233
1.80261021861427,0,0.619578350705909
1.80458988421136,0,0.61847686324088
1.80656702022923,0,0.61736983082372
1.80854161408787,0,0.616257254504001
1.81051365320726,0,0.615139135331299
1.81248312500739,0,0.614015474355188
1.81445001690822,0,0.61288627262524
1.81641431632975,0,0.611751531191031
1.81837601069196,0,0.610611251102134
1.82033508741482,0,0.609465433408122
1.82229153391832,0,0.60831407915857
1.82424533762244,0,0.607157189403052
1.82619648594717,0,0.605994765191142
1.82814496631247,0,0.604826807572413
1.83009076613835,0,0.60365331759644
1.83203387284477,0,0.602474296312795
1.83397427385172,0,0.601289744771054
1.83591195657918,0,0.60009966402079
1.83784690844713,0,0.598904055111578
1.83977911687555,0,0.59770291909299
1.84170856928443,0,0.596496257014601
1.84363525309374,0,0.595284069925984
1.84555915572348,0,0.594066358876715
1.84748026459361,0,0.592843124916365
1.84939856712412,0,0.591614369094511
1.851314050735,0,0.590380092460724
1.85322670284622,0,0.589140296064581
1.85513651087776,0,0.587894980955653
1.85704346224962,0,0.586644148183515
1.85894754438176,0,0.585387798797741
1.86084874469417,0,0.584125933847905
1.86274705060684,0,0.582858554383581
1.86464244953974,0,0.581585661454343
1.86653492891285,0,0.580307256109765
1.86842447614616,0,0.57902333939942
1.87031107865965,0,0.577733912372882
1.8721947238733,0,0.576438976079725
1.87407539920709,0,0.575138531569524
1.875953092081,0,0.573832579891852
1.87782778991502,0,0.572521122096284
1.87969948012912,0,0.571204159232392
1.88156815014329,0,0.569881692349751
1.88343378737751,0,0.568553722497934
1.88529637925177,0,0.567220250726517
1.88715591318603,0,0.565881278085072
1.88901237660029,0,0.564536805623173
1.89086575691452,0,0.563186834390395
1.89271604154872,0,0.561831365436312
1.89456321792285,0,0.560470399810496
1.8964072734569,0,0.559103938562523
1.89824819557085,0,0.557731982741965
1.90008597168469,0,0.556354533398398
1.90192058921839,0,0.554971591581394
1.90375203559194,0,0.553583158340528
1.90558029822531,0,0.552189234725374
1.9074053645385,0,0.550789821785506
1.90922722195148,0,0.549384920570496
1.91104585788423,0,0.547974532129921
1.91286125975673,0,0.546558657513352
1.91467341498897,0,0.545137297770365
1.91648231100093,0,0.543710453950533
1.91828793521259,0,0.542278127103429
1.92009027504393,0,0.540840318278629
1.92188931791493,0,0.539397028525705
1.92368505124558,0,0.537948258894233
1.92547746245585,0,0.536494010433784
1.92726653896573,0,0.535034284193935
1.92905226819519,0,0.533569081224258
1.93083463756423,0,0.532098402574327
1.93261363449282,0,0.530622249293716
1.93438924640094,0,0.529140622431999
1.93616146070858,0,0.527653523038751
1.93793026483571,0,0.526160952163545
1.93969564620232,0,0.524662910855954
1.9414575922284,0,0.523159400165553
1.94321609033391,0,0.521650421141916
1.94497112793884,0,0.520135974834617
1.94672269246319,0,0.518616062293229
1.94847077132691,0,0.517090684567326
1.95021535195001,0,0.515559842706483
1.95195642175245,0,0.514023537760272
1.95369396815422,0,0.51248177077827
1.95542797857531,0,0.510934542810048
1.95715844043569,0,0.509381854905181
1.95888534115534,0,0.507823708113242
1.96060866815426,0,0.506260103483807
1.96232840885241,0,0.504691042066448
1.96404455066978,0,0.50311652491074
1.96575708102635,0,0.501536553066256
1.96746598734211,0,0.499951127582571
1.96917125703703,0,0.498360249509258
1.9708728775311,0,0.496763919895891
1.97257083624429,0,0.495162139792044
1.9742651205966,0,0.493554910247291
1.975955718008,0,0.491942232311206
1.97764261589847,0,0.490324107033363
1.97932580168799,0,0.488700535463335
1.98100526279655,0,0.487071518650698
1.98268098664413,0,0.485437057645023
1.9843529606507,0,0.483797153495887
1.98602117223626,0,0.482151807252861
1.98768560882078,0,0.480501019965521
1.98934625782424,0,0.47884479268344
1.99100310666663,0,0.477183126456192
1.99265614276793,0,0.475516022333351
1.99430535354811,0,0.47384348136449
1.99595072642716,0,0.472165504599185
1.99759224882507,0,0.470482093087008
1.99922990816181,0,0.468793247877534
2.00086369185736,0,0.467098970020336
2.00249358733171,0,0.465399260564989
2.00411958200484,0,0.463694120561066
2.00574166329672,0,0.461983551058141
2.00735981862735,0,0.460267553105789
2.0089740354167,0,0.458546127753582
2.01058430108476,0,0.456819276051096
2.0121906030515,0,0.455086999047903
2.01379292873691,0,0.453349297793578
2.01539126556097,0,0.451606173337694
2.01698560094365,0,0.449857626729826
2.01857592230495,0,0.448103659019548
2.02016221706485,0,0.446344271256433
2.02174447264332,0,0.444579464490055
2.02332267646034,0,0.442809239769989
2.02489681593591,0,0.441033598145807
2.02646687848999,0,0.439252540667084
2.02803285154258,0,0.437466068383395
2.02959472251364,0,0.435674182344312
2.03115247882318,0,0.43387688359941
2.03270610789116,0,0.432074173198262
2.03425559713756,0,0.430266052190444
2.03580093398238,0,0.428452521625527
2.03734210584559,0,0.426633582553087
2.03887910014717,0,0.424809236022697
2.0404119043071,0,0.422979483083931
2.04194050574537,0,0.421144324786363
2.04346489188196,0,0.419303762179568
2.04498505013685,0,0.417457796313118
2.04650096793002,0,0.415606428236588
2.04801263268144,0,0.413749658999551
2.04952003181112,0,0.411887489651582
2.05102315273901,0,0.410019921242255
2.05252198288512,0,0.408146954821143
2.05401650966941,0,0.406268591437821
2.05550672051187,0,0.404384832141861
2.05699260283249,0,0.402495677982839
2.05847414405123,0,0.400601130010327
2.0599513315881,0,0.398701189273901
2.06142415286305,0,0.396795856823134
2.06289259529609,0,0.394885133707599
2.06435664630718,0,0.39296902097687
2.06581629331632,0,0.391047519680523
2.06727152374348,0,0.38912063086813
2.06872232500864,0,0.387188355589265
2.07016868453179,0,0.385250694893502
2.0716105897329,0,0.383307649830416
2.07304802803196,0,0.38135922144958
2.07448098684896,0,0.379405410800568
2.07590945360386,0,0.377446218932953
2.07733341571666,0,0.375481646896311
2.07875286060734,0,0.373511695740214
2.08016777569587,0,0.371536366514237
2.08157814840224,0,0.369555660267953
2.08298396614643,0,0.367569578050937
2.08438521634842,0,0.365578120912762
2.08578188642819,0,0.363581289903002
2.08717396380573,0,0.361579086071232
2.08856143590101,0,0.359571510467024
2.08994429013402,0,0.357558564139954
2.09132251392474,0,0.355540248139594
2.09269609469315,0,0.353516563515519
2.09406501985924,0,0.351487511317303
2.09542927684297,0,0.349453092594519
2.09678885306435,0,0.347413308396742
2.09814373594334,0,0.345368159773545
2.09949391289993,0,0.343317647774503
2.10083937135409,0,0.341261773449189
2.10218009872583,0,0.339200537847177
2.1035160824351,0,0.337133942018041
2.1048473099019,0,0.335061987011354
2.1061737685462,0,0.332984673876692
2.107495445788,0,0.330902003663628
2.10881232904726,0,0.328813977421735
2.11012440574397,0,0.326720596200587
2.11143166329812,0,0.324621861049759
2.11273408912968,0,0.322517773018825
2.11403167065864,0,0.320408333157357
2.11532439530498,0,0.318293542514931
2.11661225048867,0,0.31617340214112
2.1178952236297,0,0.314047913085498
2.11917330214806,0,0.311917076397639
2.12044647346372,0,0.309780893127117
2.12171472499667,0,0.307639364323505
2.12297804416688,0,0.305492491036378
2.12423641839434,0,0.30334027431531
2.12548983509904,0,0.301182715209874
2.12673828170094,0,0.299019814769644
2.12798174562004,0,0.296851574044194
2.12922021427631,0,0.294677994083099
2.13045367508974,0,0.292499075935932
2.1316821154803,0,0.290314820652266
2.13290552286799,0,0.288125229281677
2.13412388467278,0,0.285930302873737
2.13533718831464,0,0.283730042478021
2.13654542121358,0,0.281524449144103
2.13774857078956,0,0.279313523921556
2.13894662446257,0,0.277097267859954
2.14013956965258,0,0.274875682008872
2.14132739377959,0,0.272648767417883
2.14251008426357,0,0.270416525136561
2.1436876285245,0,0.26817895621448
2.14486001398237,0,0.265936061701214
2.14602722805715,0,0.263687842646337
2.14718925816883,0,0.261434300099422
2.1483460917374,0,0.259175435110045
2.14949771618282,0,0.256911248727777
2.15064411892509,0,0.254641742002195
2.15178528738418,0,0.25236691598287
2.15292120898008,0,0.250086771719378
2.15405187113277,0,0.247801310261292
2.15517726126222,0,0.245510532658186
2.15629736678843,0,0.243214439959634
2.15741217513137,0,0.24091303321521
2.15852167371102,0,0.238606313474488
2.15962584994737,0,0.236294281787042
2.1607246912604,0,0.233976939202445
2.16181818507009,0,0.231654286770271
2.16290631879641,0,0.229326325540095
2.16398907985936,0,0.226993056561491
2.16506645567891,0,0.224654480884032
2.16613843367505,0,0.222310599557291
2.16720500126775,0,0.219961413630844
2.16826614587701,0,0.217606924154264
2.16932185492279,0,0.215247132177124
2.17037211582508,0,0.212882038749
2.17141691600387,0,0.210511644919464
2.17245624287913,0,0.208135951738091
2.17349008387085,0,0.205754960254454
2.174518426399,0,0.203368671518127
2.17554125788358,0,0.200977086578685
2.17655856574455,0,0.198580206485701
2.17757033740191,0,0.196178032288749
2.17857656027563,0,0.193770565037404
2.1795772217857,0,0.191357805781238
2.18057230935209,0,0.188939755569826
2.1815618103948,0,0.186516415452741
2.18254571233379,0,0.184087786479559
2.18352400258906,0,0.181653869699851
2.18449666858058,0,0.179214666163194
2.18546369772833,0,0.176770176919159
2.1864250774523,0,0.174320403017322
2.18738079517247,0,0.171865345507256
2.18833083830882,0,0.169405005438536
2.18927519428133,0,0.166939383860734
2.19021385050999,0,0.164468481823425
2.19114679441476,0,0.161992300376183
2.19207401341565,0,0.159510840568581
2.19299549493262,0,0.157024103450194
2.19391122638566,0,0.154532090070596
2.19482119519475,0,0.15203480147936
2.19572538877988,0,0.149532238726061
2.19662379456102,0,0.147024402860271
2.19751639995815,0,0.144511294931566
2.19840319239126,0,0.141992915989519
2.19928415928033,0,0.139469267083704
2.20015928804534,0,0.136940349263695
2.20102856610627,0,0.134406163579065
2.20189198088311,0,0.131866711079389
2.20274951979583,0,0.129321992814241
2.20360117026441,0,0.126772009833194
2.20444691970885,0,0.124216763185823
2.20528675554911,0,0.121656253921701
2.20612066520519,0,0.119090483090402
2.20694863609706,0,0.1165194517415
2.2077706556447,0,0.113943160924569
2.2085867112681,0,0.111361611689183
2.20939679038724,0,0.108774805084916
2.21020088042209,0,0.106182742161342
2.21099896879265,0,0.103585423968034
2.21179104291889,0,0.100982851554567
2.21257709022079,0,0.0983750259705146
2.21335709811834,0,0.0957619482654503
2.21413105403151,0,0.0931436194889483
2.21489894538029,0,0.0905200406905824
2.21566075958467,0,0.0878912129199266
2.21641648406461,0,0.0852571372265548
2.21716610624011,0,0.0826178146600409
2.21790961353115,0,0.0799732462699587
2.2186469933577,0,0.0773234331058823
2.21937823313974,0,0.0746683762173855
2.22010332029727,0,0.0720080766540422
2.22082224225026,0,0.0693425354654263
2.22153498641869,0,0.0666717537011117
2.22224154022255,0,0.0639957324106724
2.22294189108181,0,0.0613144726436822
2.22363602641646,0,0.0586279754497151
2.22432393364648,0,0.0559362418783449
2.22500560019185,0,0.0532392729791456
2.22568101347255,0,0.050537069801691
2.22635016090856,0,0.0478296333955551
2.22701302991987,0,0.0451169648103118
2.22766960792646,0,0.042399065095535
2.2283198823483,0,0.0396759353007985
2.22896384060539,0,0.0369475764756764
2.2296014701177,0,0.0342139896697424
2.23023275830521,0,0.0314751759325706
2.2308576925879,0,0.0287311363137348
2.23147626038576,0,0.0259818718628088
2.23208844911877,0,0.0232273836293668
2.23269424620691,0,0.0204676726629824
2.23329363907016,0,0.0177027400132297
