0.00993922351956467,0.0203148779098732,0
0.00993780436302887,0.0202629477208469,0
0.00993657326423272,0.0202059221559629,0
0.00993552871586657,0.020148920003146,0
0.00993467084135759,0.0200919417536975,0
0.009933999760074,0.0200349879041533,0
0.00993351558726971,0.0199780589562654,0
0.00993321843402903,0.0199211554169742,0
0.00993310840721121,0.0198642777983847,0
0.00993318560939535,0.0198074266177403,0
0.00993345013882494,0.0197506023973937,0
0.00993390208935279,0.0196938056647837,0
0.0099345415503859,0.0196370369524009,0
0.00993536860683053,0.0195802967977572,0
0.00993638333903698,0.0195235857433631,0
0.0099375858227452,0.0194669043366834,0
0.00993897612902991,0.0194102531301119,0
0.00994055432424599,0.0193536326809366,0
0.00994232046997429,0.0192970435513015,0
0.00994427462296739,0.0192404863081716,0
0.00994641683509562,0.0191839615232962,0
0.00994874715329318,0.019127469773172,0
0.00995126561950477,0.019071011638997,0
0.00995397227063216,0.0190145877066385,0
0.00995686713848096,0.0189581985665884,0
0.00995995024970823,0.0189018448139157,0
0.00996322162576958,0.0188455270482312,0
0.00996668128286714,0.0187892458736369,0
0.00997032923189781,0.018733001898681,0
0.00997416547840132,0.0186767957363145,0
0.00997819002250944,0.0186206280038389,0
0.00998240285889495,0.0185644993228597,0
0.00998680397672134,0.0185084103192352,0
0.00999139335959258,0.0184523616230268,0
0.00999617098550372,0.0183963538684454,0
0.0100011368267917,0.0183403876937984,0
0.0100062908500864,0.0182844637414369,0
0.0100116330162626,0.0182285826576991,0
0.0100171632803927,0.0181727450928514,0
0.0100228815916986,0.0181169517010359,0
0.0100287878935054,0.0180612031402105,0
0.0100348821231954,0.0180055000720857,0
0.0100411642121629,0.0179498431620665,0
0.0100476340857677,0.0178942330791944,0
0.0100542916632926,0.0178386704960772,0
0.0100611368578985,0.017783156088829,0
0.0100681695765814,0.0177276905370096,0
0.0100753897201301,0.0176722745235514,0
0.0100827971830841,0.0176169087346971,0
0.010090391853693,0.0175615938599315,0
0.0100981736138756,0.0175063305919097,0
0.0101061423391809,0.0174511196263899,0
0.0101142978987478,0.0173959616621652,0
0.0101226401552684,0.0173408574009879,0
0.01013116896495,0.0172858075474953,0
0.0101398841774788,0.0172308128091394,0
0.0101487856359833,0.0171758738961142,0
0.0101578731770003,0.0171209915212751,0
0.0101671466304407,0.0170661664000646,0
0.010176605819556,0.0170113992504343,0
0.0101862505609062,0.0169566907927692,0
0.0101960806643276,0.0169020417498077,0
0.0102060959329044,0.0168474528465546,0
0.0102162961629367,0.016792924810212,0
0.0102266811439137,0.0167384583700867,0
0.010237250658485,0.0166840542575163,0
0.0102480044824344,0.0166297132057799,0
0.010258942384655,0.0165754359500139,0
0.0102700641271235,0.0165212232271302,0
0.0102813694648772,0.0164670757757281,0
0.0102928581459911,0.0164129943360109,0
0.0103045299115573,0.0163589796496929,0
0.0103163844956646,0.016305032459913,0
0.0103284216253785,0.0162511535111491,0
0.0103406410207228,0.0161973435491304,0
0.0103530423946651,0.0161436033207349,0
0.0103656254530975,0.0160899335739151,0
0.0103783898948247,0.0160363350575942,0
0.0103913354115494,0.0159828085215784,0
0.0104044616878597,0.0159293547164655,0
0.010417768401219,0.0158759743935478,0
0.0104312552219549,0.0158226683047235,0
0.0104449218132518,0.0157694372023962,0
0.0104587678311415,0.0157162818393878,0
0.0104727929245,0.0156632029688329,0
0.0104869967350401,0.01561020134409,0
0.0105013788973086,0.0155572777186452,0
0.0105159390386837,0.0155044328460132,0
0.0105306767793741,0.0154516674796406,0
0.0105455917324201,0.0153989823728053,0
0.010560683503693,0.015346378278527,0
0.0105759516918997,0.0152938559494608,0
0.0105913958885866,0.0152414161378007,0
0.0106070156781444,0.0151890595951829,0
0.0106228106378158,0.0151367870725843,0
0.010638780337703,0.015084599320225,0
0.0106549243407775,0.0150324970874671,0
0.0106712422028909,0.0149804811227172,0
0.0106877334727878,0.0149285521733225,0
0.0107043976921184,0.0148767109854757,0
0.010721234395454,0.0148249583041117,0
0.0107382431103041,0.0147732948728063,0
0.0107554233571325,0.0147217214336808,0
0.0107727746493779,0.0146702387272975,0
0.0107902964934741,0.0146188474925598,0
0.0108079883888721,0.0145675484666118,0
0.010825849828062,0.0145163423847422,0
0.0108438802965994,0.0144652299802803,0
0.0108620792731313,0.0144142119844942,0
0.0108804462294227,0.0143632891264955,0
0.0108989806303865,0.0143124621331358,0
0.0109176819341126,0.0142617317289111,0
0.0109365495919001,0.0142110986358606,0
0.0109555830482914,0.0141605635734641,0
0.0109747817411045,0.0141101272585505,0
0.0109941451014702,0.014059790405194,0
0.0110136725538698,0.0140095537246155,0
0.0110333635161714,0.0139594179250903,0
0.0110532173996724,0.0139093837118446,0
0.0110732336091383,0.0138594517869636,0
0.0110934115428475,0.0138096228492911,0
0.0111137505926341,0.0137598975943344,0
0.0111342501439326,0.0137102767141719,0
0.0111549095758253,0.0136607608973553,0
0.011175728261091,0.0136113508288134,0
0.0111967055662519,0.0135620471897637,0
0.0112178408516257,0.0135128506576161,0
0.0112391334713785,0.0134637619058763,0
0.0112605827735752,0.0134147816040619,0
0.011282188100235,0.0133659104176071,0
0.0113039487873878,0.0133171490077716,0
0.01132586416513,0.0132684980315515,0
0.011347933557683,0.0132199581415911,0
0.0113701562834521,0.0131715299860947,0
0.0113925316550871,0.0131232142087387,0
0.0114150589795447,0.0130750114485838,0
0.0114377375581491,0.0130269223399949,0
0.0114605666866585,0.0129789475125494,0
0.0114835456553296,0.0129310875909558,0
0.0115066737489815,0.0128833431949758,0
0.0115299502470666,0.012835714939334,0
0.011553374423736,0.0127882034336445,0
0.0115769455479111,0.0127408092823255,0
0.011600662883352,0.0126935330845256,0
0.0116245256887299,0.0126463754340441,0
0.0116485332177015,0.0125993369192505,0
0.0116726847189796,0.0125524181230146,0
0.0116969794364094,0.0125056196226293,0
0.0117214166090418,0.0124589419897409,0
0.0117459954712125,0.0124123857902716,0
0.0117707152526188,0.0123659515843494,0
0.0117955751783954,0.0123196399262443,0
0.0118205744691952,0.0122734513642944,0
0.011845712341269,0.0122273864408404,0
0.0118709880065463,0.0121814456921586,0
0.0118964006727157,0.0121356296483986,0
0.011921949543308,0.0120899388335185,0
0.011947633817779,0.0120443737652219,0
0.0119734526915926,0.0119989349549001,0
0.0119994053563059,0.0119536229075696,0
0.0120254909996534,0.0119084381218167,0
0.0120517088056332,0.0118633810897393,0
0.0120780579545934,0.0118184522968919,0
0.0121045376233173,0.0117736522222345,0
0.0121311469851146,0.0117289813380731,0
0.0121578852099054,0.0116844401100163,0
0.0121847514643091,0.0116400289969249,0
0.0122117449117361,0.0115957484508587,0
0.0122388647124761,0.0115515989170323,0
0.012266110023785,0.0115075808337746,0
0.0122934799999787,0.0114636946324791,0
0.0123209737925236,0.0114199407375617,0
0.0123485905501247,0.0113763195664262,0
0.0123763294188208,0.0113328315294161,0
0.0124041895420732,0.0112894770297841,0
0.0124321700608576,0.0112462564636546,0
0.0124602701137573,0.0112031702199884,0
0.0124884888370574,0.0111602186805446,0
0.0125168253648331,0.0111174022198572,0
0.0125452788290462,0.0110747212051993,0
0.0125738483596358,0.0110321759965567,0
0.0126025330846118,0.0109897669466005,0
0.0126313321301473,0.0109474944006633,0
0.0126602446206739,0.0109053586967102,0
0.0126892696789734,0.01086336016532,0
0.0127184064262704,0.0108214991296642,0
0.0127476539823253,0.0107797759054888,0
0.0127770114655276,0.0107381908010945,0
0.0128064779929924,0.0106967441173164,0
0.0128360526806481,0.0106554361475161,0
0.0128657346433304,0.0106142671775674,0
0.0128955229948768,0.0105732374858408,0
0.0129254168482193,0.0105323473431936,0
0.0129554153154735,0.0104915970129647,0
0.012985517508033,0.0104509867509653,0
0.0130157225366612,0.0104105168054716,0
0.0130460295115815,0.0103701874172232,0
0.0130764375425704,0.0103299988194172,0
0.0131069457390449,0.0102899512377119,0
0.013137553210157,0.0102500448902207,0
0.0131682590648813,0.0102102799875184,0
0.013199062412106,0.0101706567326408,0
0.0132299623607208,0.0101311753210929,0
0.0132609580197063,0.0100918359408524,0
0.0132920484982244,0.010052638772375,0
0.0133232329057017,0.0100135839886098,0
0.0133545103519211,0.00997467175500215,0
0.0133858799471073,0.00993590222950843,0
0.0134173408020124,0.00989727556260878,0
0.0134488920280006,0.00985879189732371,0
0.0134805327371377,0.00982045136922256,0
0.0135122620422702,0.00978225410644901,0
0.0135440790571127,0.00974420022973281,0
0.0135759828963291,0.00970628985241395,0
0.0136079726756172,0.00966852308045891,0
0.0136400475117886,0.00963090001248637,0
0.0136722065228496,0.0095934207397909,0
0.0137044488280843,0.00955608534636289,0
0.0137367735481328,0.00951889390891729,0
0.0137691798050669,0.0094818464969247,0
0.0138016667224731,0.00944494317263237,0
0.0138342334255282,0.0094081839910966,0
0.0138668790410752,0.00937156900021377,0
0.0138996026976984,0.00933509824075234,0
0.0139324035257991,0.0092987717463852,0
0.0139652806576706,0.00926258954372171,0
0.0139982332275693,0.00922655165234522,0
0.0140312603717902,0.0091906580848451,0
0.0140643612287327,0.00915490884686118,0
0.0140975349389743,0.00911930393711648,0
0.0141307806453436,0.00908384334745328,0
0.0141640974929828,0.00904852706288011,0
0.0141974846294177,0.00901335506160965,0
0.0142309412046252,0.00897832731510024,0
0.0142644663710986,0.00894344378809874,0
0.014298059283913,0.00890870443868434,0
0.0143317191007867,0.00887410921831506,0
0.0143654449821457,0.00883965807187213,0
0.0143992360911864,0.00880535093770468,0
0.0144330915939348,0.00877118774767943,0
0.0144670106593068,0.00873716842722751,0
0.0145009924591668,0.00870329289539367,0
0.0145350361683869,0.00866956106488437,0
0.0145691409649005,0.00863597284212105,0
0.01460330602976,0.00860252812728968,0
0.0146375305471927,0.00856922681439003,0
0.014671813704652,0.00853606879129131,0
0.0147061546928716,0.00850305393978322,0
0.0147405527059149,0.00847018213563227,0
0.0147750069412262,0.00843745324863444,0
0.0148095165996835,0.00840486714266647,0
0.0148440808856417,0.00837242367574774,0
0.0148786990069818,0.00834012270009291,0
0.0149133701751588,0.00830796406216732,0
0.0149480936052442,0.00827594760274651,0
0.0149828685159722,0.00824407315697134,0
0.01501769412978,0.00821234055440912,0
0.0150525696728519,0.00818074961910964,0
0.0150874943751603,0.00814930016966346,0
0.0151224674705033,0.00811799201926368,0
0.0151574881965469,0.00808682497576197,0
0.0151925557948589,0.00805579884173259,0
0.0152276695109457,0.008024913414532,0
0.0152628285942925,0.0079941684863553,0
0.0152980322983919,0.00796356384430251,0
0.0153332798807811,0.00793309927043686,0
0.0153685706030716,0.00790277454184789,0
0.0154039037309826,0.00787258943071228,0
0.0154392785343712,0.00784254370435506,0
0.0154746942872596,0.007812637125314,0
0.0155101502678659,0.00778286945139977,0
0.0155456457586282,0.00775324043576099,0
0.0155811800462328,0.0077237498269456,0
0.0156167524216399,0.00769439736896258,0
0.0156523621801062,0.0076651828013463,0
0.0156880086212085,0.00763610585921985,0
0.0157236910488644,0.00760716627335867,0
0.0157594087713569,0.00757836377025111,0
0.0157951611013508,0.00754969807216485,0
0.015830947355913,0.00752116889720917,0
0.0158667668565318,0.00749277595939722,0
0.0159026189291324,0.00746451896871114,0
0.0159385029040949,0.0074363976311632,0
0.0159744181162675,0.00740841164886162,0
0.0160103639049817,0.00738056072007267,0
0.0160463396140663,0.00735284453928316,0
0.0160823445918595,0.00732526279726443,0
0.01611837819122,0.00729781518113505,0
0.0161544397695369,0.00727050137442494,0
0.016190528688741,0.00724332105713658,0
0.0162266443153152,0.00721627390580605,0
0.0162627860202959,0.00718935959357214,0
0.0162989531792889,0.00716257779022962,0
0.0163351451724685,0.00713592816229901,0
0.0163713613845857,0.00710941037308552,0
0.0164076012049736,0.00708302408273985,0
0.016443864027549,0.00705676894832186,0
0.0164801492508176,0.00703064462386015,0
0.0165164562778739,0.00700465076041482,0
0.0165527845164036,0.00697878700613705,0
0.0165891333786846,0.00695305300632995,0
0.0166255022815842,0.00692744840351069,0
0.0166618906465609,0.00690197283746808,0
0.0166982978996623,0.00687662594532248,0
0.0167347234715209,0.00685140736158705,0
0.0167711667973517,0.00682631671822579,0
0.0168076273169477,0.00680135364471313,0
0.0168441044746764,0.00677651776809096,0
0.0168805977194736,0.00675180871302769,0
0.0169171065048357,0.00672722610187767,0
0.0169536302888166,0.00670276955473499,0
0.0169901685340171,0.00667843868949354,0
0.0170267207075773,0.00665423312190312,0
0.0170632862811685,0.00663015246562566,0
0.0170998647309846,0.00660619633228983,0
0.01713645553773,0.0065823643315491,0
0.0171730581866091,0.00655865607113586,0
0.0172096721673189,0.00653507115691362,0
0.0172462969740327,0.00651160919293537,0
0.0172829321053886,0.00648826978149575,0
0.0173195770644782,0.00646505252318407,0
0.0173562313588319,0.00644195701693773,0
0.0173928945004054,0.00641898286009472,0
0.017429566005565,0.00639612964844574,0
0.0174662453950721,0.00637339697628636,0
0.0175029321940667,0.00635078443646852,0
0.0175396259320556,0.00632829162044871,0
0.0175763261428899,0.00630591811834218,0
0.0176130323647508,0.00628366351897085,0
0.0176497441401352,0.00626152740991046,0
0.01768646101583,0.00623950937754511,0
0.0177231825429014,0.0062176090071099,0
0.0177599082766741,0.0061958258827405,0
0.0177966377767064,0.00617415958752447,0
0.0178333706067789,0.0061526097035425,0
0.01787010633487,0.00613117581191752,0
0.0179068445331351,0.00610985749286163,0
0.0179435847778874,0.00608865432571982,0
0.017980326649575,0.0060675658890164,0
0.0180170697327627,0.00604659176049707,0
0.0180538136161063,0.00602573151717567,0
0.0180905578923321,0.00600498473537641,0
0.0181273021582149,0.0059843509907761,0
0.0181640460145538,0.00596382985844814,0
0.0182007890661504,0.00594342091290316,0
0.0182375309217837,0.00592312372813134,0
0.0182742711941887,0.00590293787764239,0
0.0183110095000313,0.00588286293450617,0
0.0183477454598826,0.00586289847139358,0
0.0183844786981965,0.00584304406061507,0
0.0184212088432838,0.00582329927415925,0
0.0184579355272876,0.0058036636837322,0
0.0184946583861572,0.00578413686079487,0
0.0185313770596269,0.00576471837659827,0
0.0185680911911819,0.00574540780222563,0
0.0186048004280405,0.00572620470862327,0
0.0186415044211251,0.00570710866663866,0
0.018678202825035,0.0056881192470563,0
0.0187148952980213,0.00566923602063142,0
0.0187515815019607,0.00565045855812432,0
0.0187882611023269,0.00563178643033542,0
0.0188249337681651,0.00561321920813733,0
0.0188615991720663,0.0055947564625072,0
0.018898256990138,0.00557639776456003,0
0.0189349069019761,0.00555814268558138,0
0.0189715485906417,0.00553999079705567,0
0.0190081817426292,0.00552194167070003,0
0.0190448060478416,0.00550399487849266,0
0.0190814211995614,0.00548614999270365,0
0.0191180268944236,0.00546840658592356,0
0.0191546228323876,0.00545076423109291,0
0.0191912087167079,0.00543322250153102,0
0.0192277842539087,0.0054157809709626,0
0.0192643491537554,0.00539843921354505,0
0.0193009031292244,0.00538119680389718,0
0.0193374458964766,0.00536405331712437,0
0.0193739771748292,0.00534700832884472,0
0.0194104966867272,0.00533006141521463,0
0.0194470041577156,0.0053132121529538,0
0.0194834993164097,0.00529646011937063,0
0.0195199818944699,0.00527980489238458,0
0.0195564516265697,0.00526324605055197,0
0.0195929082503706,0.0052467831730876,0
0.0196293515064914,0.00523041583988891,0
0.0196657811384813,0.00521414363155746,0
0.0197021968927924,0.00519796612942027,0
0.0197385985187497,0.00518188291555307,0
0.0197749857685231,0.00516589357280029,0
0.0198113583971004,0.00514999768479573,0
0.0198477161622599,0.00513419483598195,0
0.0198840588245396,0.005118484611632,0
0.0199203861472104,0.00510286659786757,0
0.019956697896249,0.00508734038167808,0
0.0199929938403094,0.00507190555093868,0
0.0200292737506948,0.00505656169442943,0
0.0200655374013288,0.00504130840185318,0
0.0201017845687318,0.00502614526385036,0
0.0201380150319864,0.00501107187201998,0
0.0201742285727155,0.00499608781893337,0
0.0202104249750546,0.00498119269814986,0
0.0202466040256196,0.00496638610423557,0
0.0202827655134845,0.00495166763277564,0
0.0203189092301523,0.00493703688039114,0
0.0203550349695271,0.00492249344475267,0
0.020391142527888,0.0049080369245958,0
0.0204272317038613,0.00489366691973421,0
0.0204633022983957,0.00487938303107258,0
0.0204993541147313,0.00486518486062203,0
0.0205353869583784,0.00485107201151027,0
0.0205714006370878,0.00483704408799547,0
0.0206073949608228,0.00482310069547951,0
0.0206433697417366,0.00480924144051778,0
0.0206793247941448,0.00479546593083125,0
0.0207152599344985,0.00478177377531826,0
0.0207511749813581,0.00476816458406556,0
0.020787069755369,0.00475463796835776,0
0.0208229440792353,0.00474119354068801,0
0.0208587977776959,0.00472783091476726,0
0.0208946306774925,0.00471454970553665,0
0.0209304426073536,0.00470134952917279,0
0.0209662333979639,0.00468823000309894,0
0.0210020028819415,0.00467519074599275,0
0.021037750893809,0.00466223137779662,0
0.0210734772699746,0.00464935151972317,0
0.0211091818487051,0.00463655079426375,0
0.0211448644700984,0.00462382882519788,0
0.0211805249760639,0.00461118523759831,0
0.0212161632102974,0.0045986196578377,0
0.0212517790182553,0.00458613171359727,0
0.0212873722471316,0.00457372103387198,0
0.0213229427458362,0.00456138724897627,0
0.0213584903649679,0.00454912999055132,0
0.021394014956794,0.00453694889156961,0
0.0214295163752265,0.00452484358634034,0
0.0214649944757984,0.00451281371051499,0
0.0215004491156415,0.00450085890109204,0
0.021535880153463,0.00448897879642155,0
0.0215712874495248,0.00447717303620947,0
0.0216066708656183,0.00446544126152243,0
0.0216420302650453,0.00445378311479056,0
0.0216773655125944,0.00444219823981218,0
0.0217126764745182,0.0044306862817572,0
0.0217479630185137,0.00441924688717008,0
0.0217832250137007,0.00440787970397222,0
0.021818462330599,0.00439658438146634,0
0.0218536748411072,0.00438536057033831,0
0.0218888624184827,0.00437420792265977,0
0.0219240249373222,0.00436312609188933,0
0.0219591622735389,0.00435211473287586,0
0.021994274304341,0.00434117350186062,0
0.0220293609082145,0.00433030205647761,0
0.0220644219649023,0.0043195000557555,0
0.0220994573553825,0.00430876716011919,0
0.0221344669618494,0.00429810303139124,0
0.0221694506676955,0.00428750733279164,0
0.0222044083574891,0.00427697972893958,0
0.0222393399169583,0.0042665198858535,0
0.0222742452329696,0.00425612747095129,0
0.0223091241935097,0.0042458021530515,0
0.0223439766876661,0.00423554360237258,0
0.0223788026056097,0.00422535149053267,0
0.0224136018385767,0.00421522549054952,0
0.0224483742788476,0.00420516527684076,0
0.0224831198197318,0.00419517052522269,0
0.0225178383555492,0.00418524091290931,0
0.0225525297816123,0.00417537611851186,0
0.0225871939942081,0.00416557582203802,0
0.0226218308905805,0.0041558397048907,0
0.0226564403689147,0.00414616744986637,0
0.0226910223283186,0.00413655874115388,0
0.0227255766688064,0.00412701326433338,0
0.0227601032912822,0.00411753070637359,0
0.0227946020975229,0.00410811075563123,0
0.0228290729901618,0.0040987531018485,0
0.0228635158726734,0.0040894574361507,0
0.0228979306493559,0.00408022345104498,0
0.0229323172253155,0.00407105084041762,0
0.0229666755064527,0.00406193929953082,0
0.0230010053994437,0.00405288852502192,0
0.0230353068117266,0.0040438982148997,0
0.0230695796514884,0.00403496806854096,0
0.0231038238276427,0.00402609778669046,0
0.0231380392498246,0.00401728707145436,0
0.0231722258283679,0.00400853562630011,0
0.0232063834742952,0.00399984315605162,0
0.0232405120993007,0.00399120936688754,0
0.023274611615737,0.00398263396633656,0
0.0233086819366019,0.00397411666327468,0
0.0233427229755226,0.00396565716792204,0
0.023376734646744,0.00395725519183856,0
0.0234107168651123,0.00394891044792119,0
0.0234446695460638,0.00394062265039992,0
0.0234785926056107,0.0039323915148334,0
0.0235124859603281,0.00392421675810575,0
0.0235463495273405,0.00391609809842255,0
0.0235801832243092,0.00390803525530663,0
0.0236139869694197,0.00390002794959397,0
0.0236477606813685,0.00389207590342963,0
0.0236815042793511,0.00388417884026383,0
0.0237152176830499,0.00387633648484677,0
0.0237489008126222,0.00386854856322536,0
0.0237825535886864,0.00386081480273817,0
0.0238161759323121,0.00385313493201095,0
0.0238497677650076,0.00384550868095263,0
0.0238833290087085,0.00383793578075009,0
0.0239168595857663,0.00383041596386364,0
0.0239503594189367,0.00382294896402248,0
0.0239838284313673,0.00381553451622078,0
0.0240172665465893,0.00380817235671109,0
0.0240506736885054,0.00380086222300044,0
0.0240840497813775,0.00379360385384629,0
0.024117394749818,0.00378639698925008,0
0.0241507085187783,0.00377924137045326,0
0.0241839910135384,0.00377213673993184,0
0.0242172421596979,0.00376508284139154,0
0.0242504618831634,0.00375807941976244,0
0.0242836501101418,0.00375112622119428,0
0.0243168067671274,0.00374422299305067,0
0.0243499317808932,0.0037373694839046,0
0.0243830250784832,0.00373056544353233,0
0.0244160865871989,0.00372381062290921,0
0.0244491162345937,0.00371710477420345,0
0.0244821139484624,0.00371044765077065,0
0.0245150796568308,0.0037038390071499,0
0.0245480132879483,0.00369727859905654,0
0.0245809147702798,0.00369076618337769,0
0.0246137840324935,0.00368430151816707,0
0.0246466210034546,0.00367788436263918,0
0.0246794256122182,0.00367151447716334,0
0.0247121977880189,0.00366519162325878,0
0.0247449374602617,0.00365891556358912,0
0.0247776445585151,0.00365268606195693,0
0.0248103190125043,0.00364650288329735,0
0.024842960752101,0.00364036579367302,0
0.0248755697073165,0.00363427456026907,0
0.0249081458082933,0.00362822895138682,0
0.0249406889852981,0.00362222873643812,0
0.0249731991687163,0.00361627368593937,0
0.0250056762890395,0.00361036357150758,0
0.0250381202768618,0.00360449816585263,0
0.0250705310628744,0.00359867724277244,0
0.0251029085778536,0.00359290057714747,0
0.0251352527526561,0.00358716794493524,0
0.0251675635182144,0.00358147912316357,0
0.0251998408055257,0.003575833889926,0
0.0252320845456478,0.00357023202437583,0
0.0252642946696937,0.00356467330671932,0
0.0252964711088208,0.00355915751821193,0
0.0253286137942286,0.00355368444115085,0
0.0253607226571514,0.0035482538588699,0
0.02539279762885,0.00354286555573425,0
0.0254248386406079,0.00353751931713427,0
0.0254568456237254,0.00353221492947891,0
0.0254888185095114,0.00352695218019217,0
0.0255207572292786,0.00352173085770511,0
0.0255526617143395,0.00351655075145144,0
0.0255845318959985,0.00351141165186127,0
0.0256163677055465,0.00350631335035576,0
0.0256481690742571,0.00350125563934081,0
0.0256799359333784,0.00349623831220202,0
0.0257116682141305,0.00349126116329865,0
0.0257433658476994,0.00348632398795729,0
0.0257750287652297,0.00348142658246784,0
0.0258066568978227,0.00347656874407599,0
0.0258382501765299,0.0034717502709784,0
0.0258698085323471,0.00346697096231727,0
0.0259013318962117,0.00346223061817396,0
0.0259328201989959,0.00345752903956373,0
0.0259642733715031,0.00345286602843046,0
0.0259956913444642,0.00344824138763969,0
0.0260270740485309,0.00344365492097448,0
0.026058421414271,0.00343910643312932,0
0.0260897333721682,0.00343459572970407,0
0.0261210098526135,0.00343012261719831,0
0.0261522507859013,0.00342568690300691,0
0.0261834561022273,0.00342128839541318,0
0.0262146257316833,0.00341692690358347,0
0.0262457596042533,0.00341260223756215,0
0.0262768576498093,0.00340831420826595,0
0.0263079197981076,0.00340406262747802,0
0.0263389459787836,0.00339984730784311,0
0.0263699361213516,0.00339566806286099,0
0.026400890155198,0.00339152470688199,0
0.0264318080095778,0.00338741705510122,0
0.026462689613612,0.00338334492355282,0
0.0264935348962842,0.00337930812910515,0
0.0265243437864368,0.00337530648945449,0
0.0265551162127675,0.00337133982311999,0
0.0265858521038256,0.00336740794943935,0
0.0266165513880097,0.00336351068856126,0
0.0266472139935647,0.00335964786144206,0
0.0266778398485762,0.00335581928983937,0
0.0267084288809706,0.00335202479630728,0
0.0267389810185099,0.00334826420419007,0
0.0267694961887904,0.00334453733761837,0
0.0267999743192384,0.00334084402150276,0
0.0268304153371066,0.0033371840815291,0
0.0268608191694744,0.00333355734415283,0
0.0268911857432425,0.00332996363659447,0
0.0269215149851307,0.00332640278683348,0
0.026951806821675,0.00332287462360416,0
0.0269820611792264,0.00331937897638937,0
0.0270122779839484,0.0033159156754164,0
0.0270424571618113,0.00331248455165102,0
0.027072598638592,0.00330908543679352,0
0.0271027023398738,0.00330571816327194,0
0.0271327681910409,0.00330238256423853,0
0.0271627961172765,0.00329907847356407,0
0.0271927860435609,0.003295805725833,0
0.02722273789467,0.00329256415633854,0
0.0272526515951735,0.00328935360107683,0
0.0272825270694307,0.00328617389674338,0
0.0273123642415888,0.00328302488072757,0
0.0273421630355839,0.00327990639110768,0
0.0273719233751356,0.00327681826664481,0
0.0274016451837462,0.00327376034678067,0
0.0274313283846986,0.00327073247163043,0
0.0274609729010553,0.00326773448197924,0
0.0274905786556564,0.00326476621927603,0
0.0275201455711166,0.00326182752563048,0
0.0275496735698235,0.00325891824380716,0
0.0275791625739381,0.00325603821722073,0
0.0276086125053914,0.00325318728993176,0
0.0276380232858827,0.00325036530664176,0
0.0276673948368779,0.00324757211268876,0
0.0276967270796093,0.003244807554042,0
0.0277260199350728,0.00324207147729829,0
0.0277552733240272,0.00323936372967669,0
0.0277844871669912,0.00323668415901411,0
0.027813661384244,0.00323403261376077,0
0.027842795895824,0.00323140894297553,0
0.0278718906215249,0.00322881299632193,0
0.0279009454808963,0.00322624462406312,0
0.0279299603932424,0.00322370367705733,0
0.0279589352776214,0.00322119000675409,0
0.0279878700528425,0.00321870346518902,0
0.0280167646374647,0.00321624390498014,0
0.0280456189497975,0.00321381117932311,0
0.0280744329079004,0.0032114051419865,0
0.0281032064295771,0.00320902564730843,0
0.0281319394323788,0.00320667255019178,0
0.0281606318336031,0.00320434570609916,0
0.0281892835502905,0.00320204497104998,0
0.0282178944992251,0.00319977020161536,0
0.0282464645969327,0.00319752125491408,0
0.0282749937596813,0.00319529798860876,0
0.0283034819034795,0.00319310026090074,0
0.0283319289440748,0.00319092793052693,0
0.0283603347969527,0.00318878085675549,0
0.0283886993773377,0.00318665889938115,0
0.0284170226001917,0.00318456191872181,0
0.0284453043802122,0.00318248977561372,0
0.0284735446318314,0.00318044233140897,0
0.0285017432692177,0.00317841944796897,0
0.0285299002062741,0.00317642098766287,0
0.0285580153566348,0.00317444681336243,0
0.0285860886336682,0.00317249678843832,0
0.0286141199504748,0.00317057077675606,0
0.0286421092198862,0.00316866864267194,0
0.0286700563544656,0.00316679025102987,0
0.0286979612665053,0.00316493546715643,0
0.0287258238680273,0.00316310415685868,0
0.028753644070785,0.00316129618641768,0
0.0287814217862586,0.00315951142258817,0
0.0288091569256552,0.00315774973259176,0
0.0288368493999123,0.00315601098411466,0
0.0288644991196934,0.00315429504530385,0
0.0288921059953885,0.00315260178476272,0
0.0289196699371146,0.0031509310715484,0
0.0289471908547136,0.00314928277516705,0
0.0289746686577533,0.00314765676557135,0
0.0290021032555271,0.00314605291315552,0
0.0290294945570528,0.00314447108875281,0
0.029056842471072,0.00314291116363178,0
0.0290841469060512,0.00314137300949169,0
0.0291114077701801,0.00313985649846066,0
0.0291386249713715,0.00313836150309127,0
0.0291657984172622,0.00313688789635609,0
0.0291929280152113,0.00313543555164587,0
0.0292200136723,0.00313400434276593,0
0.0292470552953318,0.00313259414393128,0
0.0292740527908334,0.00313120482976416,0
0.029301006065052,0.00312983627529152,0
0.0293279150239563,0.0031284883559398,0
0.0293547795732375,0.00312716094753298,0
0.0293815996183071,0.00312585392628833,0
0.0294083750642969,0.00312456716881419,0
0.0294351058160604,0.00312330055210562,0
0.0294617917781723,0.00312205395354148,0
0.0294884328549257,0.00312082725088171,0
0.0295150289503356,0.00311962032226341,0
0.0295415799681365,0.00311843304619732,0
0.029568085811783,0.00311726530156568,0
0.0295945463844496,0.00311611696761867,0
0.0296209615890305,0.00311498792397075,0
0.0296473313281386,0.00311387805059805,0
0.0296736555041077,0.00311278722783502,0
0.029699934018991,0.00311171533637173,0
0.0297261667745593,0.00311066225724999,0
0.0297523536723037,0.00310962787186096,0
0.0297784946134352,0.00310861206194188,0
0.0298045894988829,0.0031076147095735,0
0.0298306382292943,0.00310663569717579,0
0.0298566407050376,0.00310567490750673,0
0.0298825968261979,0.00310473222365777,0
0.0299085064925798,0.00310380752905203,0
0.0299343696037076,0.00310290070744066,0
0.0299601860588232,0.00310201164290029,0
0.0299859557568874,0.00310114021982986,0
0.0300116785965791,0.00310028632294757,0
0.030037354476297,0.00309944983728935,0
0.0300629832941568,0.00309863064820393,0
0.0300885649479938,0.00309782864135163,0
0.0301140993353612,0.00309704370270086,0
0.0301395863535307,0.00309627571852559,0
0.0301650258994924,0.00309552457540275,0
0.0301904178699546,0.00309479016020863,0
0.0302157621613442,0.00309407236011665,0
0.0302410586698053,0.00309337106259564,0
0.0302663072912014,0.00309268615540541,0
0.0302915079211145,0.0030920175265948,0
0.0303166604548431,0.00309136506449961,0
0.0303417647874048,0.00309072865773918,0
0.0303668208135352,0.00309010819521372,0
0.030391828427688,0.0030895035661019,0
0.0304167875240344,0.00308891465985886,0
0.0304416979964641,0.00308834136621264,0
0.0304665597385847,0.00308778357516201,0
0.0304913726437204,0.00308724117697396,0
0.030516136604914,0.00308671406218133,0
0.0305408515149274,0.00308620212157969,0
0.0305655172662374,0.00308570524622551,0
0.0305901337510395,0.0030852233274329,0
0.0306147008612478,0.00308475625677262,0
0.0306392184884915,0.00308430392606722,0
0.0306636865241192,0.00308386622739118,0
0.0306881048591957,0.00308344305306613,0
0.0307124733845024,0.00308303429566062,0
0.0307367919905384,0.00308263984798594,0
0.0307610605675192,0.00308225960309501,0
0.0307852790053779,0.00308189345427902,0
0.0308094471937625,0.00308154129506484,0
0.0308335650220387,0.00308120301921537,0
0.0308576323792882,0.00308087852072232,0
0.0308816491543083,0.00308056769380896,0
0.0309056152356133,0.00308027043292501,0
0.0309295305114312,0.00307998663274426,0
0.0309533948697076,0.00307971618816358,0
0.0309772081981021,0.00307945899429977,0
0.0310009703839898,0.00307921494648757,0
0.0310246813144613,0.00307898394027751,0
0.03104834087632,0.00307876587143386,0
0.0310719489560852,0.00307856063593129,0
0.0310955054399898,0.0030783681299543,0
0.0311190102139794,0.00307818824989428,0
0.0311424631637152,0.00307802089234658,0
0.0311658641745694,0.00307786595411008,0
0.0311892131316276,0.00307772333218286,0
0.0312125099196887,0.00307759292376242,0
0.031235754423262,0.00307747462624249,0
0.0312589465265694,0.00307736833720908,0
0.0312820861135444,0.00307727395444175,0
0.0313051730678298,0.00307719137590931,0
0.0313282072727801,0.00307712049976935,0
0.0313511886114589,0.00307706122436353,0
0.0313741169666394,0.00307701344821745,0
0.0313969922208036,0.00307697707003988,0
0.0314198142561414,0.00307695198871757,0
0.0314425829545511,0.00307693810331546,0
0.0314652981976379,0.0030769353130737,0
0.031487959866713,0.00307694351740706,0
0.0315105678427938,0.00307696261590011,0
0.0315331220066031,0.00307699250830905,0
0.0315556222385682,0.00307703309455602,0
0.0315780684188197,0.00307708427472952,0
0.0316004604271917,0.00307714594908282,0
0.0316227981432209,0.00307721801802852,0
0.0316450814461448,0.0030773003821422,0
0.0316673102149015,0.00307739294215521,0
0.03168948432813,0.00307749559895616,0
0.031711603664167,0.00307760825358654,0
0.0317336681010466,0.00307773080724244,0
0.0317556775165021,0.00307786316126779,0
0.0317776317879615,0.00307800521715698,0
0.0317995307925467,0.00307815687655078,0
0.0318213744070744,0.00307831804123364,0
0.0318431625080545,0.00307848861313533,0
0.0318648949716887,0.00307866849432499,0
0.0318865716738671,0.00307885758701233,0
0.0319081924901707,0.00307905579354339,0
0.0319297572958682,0.00307926301640171,0
0.0319512659659142,0.00307947915820338,0
0.0319727183749495,0.00307970412169784,0
0.0319941143972965,0.00307993780976418,0
0.0320154539069623,0.00308018012541065,0
0.0320367367776341,0.00308043097177271,0
0.0320579628826767,0.00308069025211042,0
0.0320791320951348,0.00308095786980741,0
0.0321002442877283,0.00308123372837027,0
0.0321212993328498,0.00308151773142372,0
0.0321422971025656,0.00308180978271172,0
0.0321632374686129,0.00308210978609524,0
0.0321841203023969,0.00308241764554924,0
0.0322049454749897,0.00308273326516292,0
0.0322257128571279,0.00308305654913496,0
0.0322464223192103,0.00308338740177625,0
0.0322670737312973,0.00308372572750515,0
0.0322876669631066,0.0030840714308448,0
0.0323082018840116,0.00308442441642554,0
0.0323286783630402,0.00308478458897919,0
0.0323490962688704,0.00308515185333962,0
0.0323694554698293,0.00308552611444067,0
0.03238975583389,0.00308590727731456,0
0.0324099972286682,0.00308629524708889,0
0.032430179521421,0.00308668992898728,0
0.0324503025790429,0.00308709122832606,0
0.0324703662680631,0.00308749905051413,0
0.0324903704546421,0.00308791330104959,0
0.0325103150045688,0.00308833388551841,0
0.032530199783259,0.00308876070959532,0
0.0325500246557493,0.00308919367903872,0
0.0325697894866948,0.00308963269969047,0
0.0325894941403659,0.00309007767747537,0
0.0326091384806447,0.00309052851839858,0
0.0326287223710208,0.00309098512854414,0
0.0326482456745874,0.00309144741407152,0
0.0326677082540384,0.00309191528121856,0
0.0326871099716632,0.00309238863629576,0
0.0327064506893415,0.00309286738568624,0
0.0327257302685411,0.00309335143584482,0
0.0327449485703135,0.00309384069329405,0
0.0327641054552864,0.0030943350646258,0
0.0327832007836615,0.0030948344564977,0
0.03280223441521,0.00309533877563213,0
0.0328212062092645,0.00309584792881439,0
0.0328401160247167,0.0030963618228902,0
0.032858963720011,0.00309688036476772,0
0.0328777491531391,0.0030974034614127,0
0.0328964721816334,0.0030979310198458,0
0.0329151326625623,0.00309846294714503,0
0.0329337304525245,0.00309899915044077,0
0.0329522654076405,0.00309953953691693,0
0.032970737383548,0.00310008401380814,0
0.0329891462353952,0.00310063248839545,0
0.0330074918178334,0.00310118486801048,0
0.0330257739850097,0.00310174106002805,0
0.0330439925905606,0.00310230097187131,0
0.0330621474876042,0.00310286451100078,0
0.0330802385287312,0.00310343158492231,0
0.0330982655659989,0.00310400210117996,0
0.0331162284509221,0.00310457596735506,0
0.0331341270344629,0.00310515309106664,0
0.0331519611670254,0.00310573337996926,0
0.0331697306984447,0.00310631674174711,0
0.0331874354779762,0.00310690308412115,0
0.0332050753542887,0.00310749231483934,0
0.033222650175453,0.00310808434167678,0
0.0332401597889322,0.0031086790724391,0
0.0332576040415705,0.00310927641495574,0
0.0332749827795821,0.00310987627707873,0
0.0332922958485414,0.00311047856668227,0
0.0333095430933709,0.00311108319166285,0
0.0333267243583268,0.0031116900599331,0
0.0333438394869911,0.00311229907942581,0
0.033360888322255,0.0031129101580855,0
0.0333778707063073,0.00311352320387313,0
0.0333947864806211,0.00311413812476232,0
0.0334116354859385,0.00311475482873362,0
0.0334284175622572,0.00311537322378035,0
0.033445132548816,0.00311599321789952,0
0.0334617802840774,0.0031166147190969,0
0.0334783606057116,0.00311723763537844,0
0.0334948733505839,0.0031178618747525,0
0.0335113183547329,0.00311848734523057,0
0.0335276954533548,0.00311911395481841,0
0.0335440044807847,0.00311974161152101,0
0.0335602452704789,0.00312037022333662,0
0.0335764176549949,0.003120999698257,0
0.0335925214659691,0.00312162994426533,0
0.0336085565340994,0.00312226086933231,0
0.0336245226891211,0.00312289238141881,0
0.033640419759785,0.00312352438846863,0
0.0336562475738359,0.00312415679840947,0
0.033672005957987,0.0031247895191527,0
0.0336876947378947,0.00312542245858611,0
0.0337033137381351,0.00312605552457744,0
0.0337188627821758,0.00312668862497177,0
0.0337343416923483,0.00312732166758188,0
0.033749750289822,0.00312795456019808,0
0.0337650883945712,0.00312858721057803,0
0.0337803558253467,0.00312921952644683,0
0.0337955523996439,0.00312985141549382,0
0.03381067793367,0.00313048278537348,0
0.0338257322423098,0.00313111354370081,0
0.0338407151390909,0.00313174359804798,0
0.0338556264361469,0.00313237285594562,0
0.0338704659441785,0.00313300122487648,0
0.0338852334724162,0.00313362861227812,0
0.0338999288285781,0.00313425492553346,0
0.0339145518188282,0.00313488007197617,0
0.033929102247733,0.00313550395888237,0
0.0339435799182132,0.00313612649347106,0
0.0339579846315001,0.00313674758290085,0
0.0339723161870843,0.00313736713426594,0
0.0339865743826642,0.00313798505459786,0
0.0340007590140949,0.00313860125085581,0
0.0340148698753314,0.0031392156299315,0
0.0340289067583706,0.0031398280986423,0
0.0340428694531942,0.00314043856372524,0
0.034056757747705,0.00314104693184068,0
0.0340705714276618,0.00314165310956595,0
0.0340843102766139,0.00314225700339131,0
0.0340979740758304,0.0031428585197231,0
0.0341115626042262,0.00314345756486776,0
0.0341250756382894,0.00314405404504276,0
0.0341385129520003,0.00314464786636354,0
0.0341518743167481,0.00314523893484556,0
0.0341651595012469,0.00314582715639979,0
0.0341783682714481,0.0031464124368228,0
0.0341915003904433,0.00314699468180314,0
0.0342045556183701,0.00314757379691565,0
0.0342175337123102,0.0031481496876055,0
0.034230434426182,0.00314872225920232,0
0.0342432575106348,0.00314929141690619,0
0.0342560027129281,0.00314985706577588,0
0.0342686697768138,0.00315041911074722,0
0.0342812584424108,0.00315097745660478,0
0.0342937684460747,0.00315153200799202,0
0.0343061995202567,0.0031520826693986,0
0.0343185513933629,0.00315262934516393,0
0.034330823789605,0.00315317193946227,0
0.0343430164288375,0.00315371035630601,0
0.0343551290263998,0.00315424449953551,0
0.0343671612929417,0.00315477427281867,0
0.0343791129342387,0.00315529957964197,0
0.0343909836510077,0.00315582032329789,0
0.0344027731387079,0.00315633640689289,0
0.0344144810873299,0.00315684773333875,0
0.0344261071811798,0.003157354205332,0
0.0344376510986496,0.0031578557253625,0
0.0344491125119767,0.0031583521957061,0
0.0344604910869911,0.00315884351840904,0
0.0344717864828508,0.00315932959528412,0
0.0344829983517613,0.0031598103279098,0
0.0344941263386823,0.00316028561761759,0
0.0345051700810218,0.00316075536548135,0
0.0345161292083102,0.00316121947231442,0
0.034527003341854,0.0031616778386569,0
0.0345377920943813,0.00316213036477377,0
0.0345484950696614,0.00316257695063702,0
0.0345591118621003,0.00316301749592796,0
0.0345696420563236,0.00316345190001203,0
0.0345800852267288,0.00316388006195028,0
0.0345904409370139,0.00316430188046535,0
0.0346007087396823,0.00316471725394236,0
0.0346108881755177,0.00316512608043501,0
0.0346209787730264,0.00316552825761664,0
0.0346309800478534,0.00316592368280651,0
0.0346408915021592,0.00316631225293395,0
0.0346507126239584,0.0031666938645297,0
0.034660442886427,0.00316706841372952,0
0.0346700817471585,0.00316743579623464,0
0.03467962864738,0.00316779590732938,0
0.0346890830111213,0.00316814864183005,0
0.0346984442443262,0.00316849389410406,0
0.0347077117339152,0.00316883155803828,0
0.0347168848467821,0.00316916152703137,0
0.0347259629287341,0.00316948369397391,0
0.0347349453033547,0.00316979795121551,0
0.034743831270797,0.00317010419058786,0
0.0347526201064985,0.0031704023033597,0
0.0347613110598061,0.00317069218021611,0
0.0347699033525082,0.00317097371126981,0
0.0347783961772698,0.00317124678599333,0
0.0347867886959561,0.0031715112932704,0
0.0347950800378402,0.00317176712129495,0
0.0348032692976812,0.00317201415762899,0
0.0348113555336687,0.00317225228914327,0
0.0348193377652142,0.00317248140198703,0
0.0348272149705821,0.00317270138164165,0
0.0348349860843466,0.00317291211274045,0
0.0348426499946473,0.00317311347930526,0
0.0348502055402502,0.00317330536445312,0
0.0348576515073706,0.00317348765058287,0
0.034864986626251,0.00317366021925604,0
0.034872209567468,0.00317382295124615,0
0.0348793189379398,0.00317397572644331,0
0.0348863132766127,0.00317411842394017,0
0.0348931910497879,0.00317425092195462,0
0.0348999506460592,0.00317437309781779,0
0.0349065903708171,0.00317448482806348,0
0.0349131084402877,0.0031745859884139,0
0.0349195029750402,0.0031746764535733,0
0.0349257719929251,0.00317475609756584,0
0.0349319134013786,0.00317482479373198,0
0.0349379249890192,0.00317488241424049,0
0.0349438044164651,0.00317492883096294,0
0.0349495492062901,0.00317496391523846,0
0.0349551567320153,0.00317498753702798,0
0.034960624206028,0.00317499956759994,0
0.0349659269220736,0.00317499962811396,0
