0.732584786784265,0.8,0
0.732586252649592,0.798860711303606,0
0.732590646954931,0.797723097304672,0
0.732597964764322,0.796587156931912,0
0.732608201141803,0.795452889114042,0
0.732621351151414,0.794320292779778,0
0.732637409857193,0.793189366857834,0
0.732656372323179,0.792060110276926,0
0.732678233613412,0.79093252196577,0
0.73270298879193,0.78980660085308,0
0.732730632922771,0.788682345867573,0
0.732761161069976,0.787559755937962,0
0.732794568297583,0.786438829992964,0
0.73283084966963,0.785319566961294,0
0.732870000250157,0.784201965771667,0
0.732912015103203,0.783086025352799,0
0.732956889292807,0.781971744633404,0
0.733004617883007,0.780859122542199,0
0.733055195937842,0.779748158007898,0
0.733108618521352,0.778638849959217,0
0.733164880697575,0.777531197324871,0
0.73322397753055,0.776425199033575,0
0.733285904084317,0.775320854014045,0
0.733350655422913,0.774218161194997,0
0.733418226610379,0.773117119505144,0
0.733488612710752,0.772017727873204,0
0.733561808788073,0.77091998522789,0
0.733637809906379,0.769823890497919,0
0.733716611129709,0.768729442612005,0
0.733798207522104,0.767636640498864,0
0.733882594147601,0.766545483087212,0
0.733969766070239,0.765455969305763,0
0.734059718354058,0.764368098083233,0
0.734152446063096,0.763281868348337,0
0.734247944261393,0.76219727902979,0
0.734346208012987,0.761114329056309,0
0.734447232381916,0.760033017356608,0
0.734551012432221,0.758953342859402,0
0.73465754322794,0.757875304493407,0
0.734766819833111,0.756798901187338,0
0.734878837311775,0.755724131869911,0
0.734993590727969,0.75465099546984,0
0.735111075145733,0.753579490915841,0
0.735231285629105,0.75250961713663,0
0.735354217242125,0.751441373060922,0
0.735479865048832,0.750374757617431,0
0.735608224113263,0.749309769734874,0
0.735739289499459,0.748246408341966,0
0.735873056271459,0.747184672367421,0
0.7360095194933,0.746124560739955,0
0.736148674229023,0.745066072388285,0
0.736290515542665,0.744009206241124,0
0.736435038498267,0.742953961227188,0
0.736582238159866,0.741900336275193,0
0.736732109591502,0.740848330313854,0
0.736884647857213,0.739797942271886,0
0.73703984802104,0.738749171078004,0
0.737197705147019,0.737702015660925,0
0.737358214299192,0.736656474949362,0
0.737521370541596,0.735612547872032,0
0.73768716893827,0.734570233357649,0
0.737855604553253,0.73352953033493,0
0.738026672450584,0.732490437732589,0
0.738200367694303,0.731452954479342,0
0.738376685348447,0.730417079503904,0
0.738555620477057,0.72938281173499,0
0.73873716814417,0.728350150101316,0
0.738921323413827,0.727319093531597,0
0.739108081350065,0.726289640954547,0
0.739297437016924,0.725261791298884,0
0.739489385478442,0.724235543493322,0
0.739683921798658,0.723210896466576,0
0.739881041041612,0.722187849147361,0
0.740080738271343,0.721166400464393,0
0.740283008551889,0.720146549346387,0
0.740487846947289,0.719128294722059,0
0.740695248521582,0.718111635520124,0
0.740905208338807,0.717096570669297,0
0.741117721463003,0.716083099098293,0
0.741332782958209,0.715071219735828,0
0.741550387888464,0.714060931510617,0
0.741770531317807,0.713052233351376,0
0.741993208310276,0.712045124186819,0
0.742218413929911,0.711039602945662,0
0.742446143240751,0.710035668556621,0
0.742676391306833,0.70903331994841,0
0.742909153192199,0.708032556049745,0
0.743144423960886,0.707033375789342,0
0.743382198676932,0.706035778095915,0
0.743622472404378,0.70503976189818,0
0.743865240207263,0.704045326124852,0
0.744110497149624,0.703052469704647,0
0.744358238295501,0.70206119156628,0
0.744608458708933,0.701071490638466,0
0.744861153453959,0.70008336584992,0
0.745116317594617,0.699096816129359,0
0.745373946194947,0.698111840405496,0
0.745634034318988,0.697128437607048,0
0.745896577030778,0.69614660666273,0
0.746161569394357,0.695166346501257,0
0.746429006473763,0.694187656051343,0
0.746698883333035,0.693210534241706,0
0.746971195036212,0.69223498000106,0
0.747245936647334,0.691260992258121,0
0.747523103230439,0.690288569941602,0
0.747802689849565,0.689317711980221,0
0.748084691568753,0.688348417302693,0
0.74836910345204,0.687380684837731,0
0.748655920563466,0.686414513514053,0
0.74894513796707,0.685449902260373,0
0.74923675072689,0.684486850005407,0
0.749530753906966,0.683525355677869,0
0.749827142571336,0.682565418206476,0
0.75012591178404,0.681607036519942,0
0.750427056609116,0.680650209546983,0
0.750730572110603,0.679694936216314,0
0.751036453352541,0.678741215456651,0
0.751344695398967,0.677789046196708,0
0.751655293313922,0.676838427365202,0
0.751968242161443,0.675889357890847,0
0.75228353700557,0.674941836702358,0
0.752601172910343,0.673995862728452,0
0.752921144939798,0.673051434897843,0
0.753243448157977,0.672108552139247,0
0.753568077628917,0.671167213381379,0
0.753895028416657,0.670227417552954,0
0.754224295585237,0.669289163582687,0
0.754555874198695,0.668352450399295,0
0.754889759321071,0.667417276931492,0
0.755225946016402,0.666483642107993,0
0.755564429348729,0.665551544857515,0
0.75590520438209,0.664620984108771,0
0.756248266180524,0.663691958790478,0
0.75659360980807,0.662764467831351,0
0.756941230328766,0.661838510160106,0
0.757291122806652,0.660914084705456,0
0.757643282305767,0.659991190396118,0
0.75799770389015,0.659069826160808,0
0.758354382623839,0.65814999092824,0
0.758713313570873,0.657231683627129,0
0.759074491795292,0.656314903186192,0
0.759437912361134,0.655399648534143,0
0.759803570332439,0.654485918599698,0
0.760171460773244,0.653573712311571,0
0.76054157874759,0.65266302859848,0
0.760913919319514,0.651753866389137,0
0.761288477553057,0.65084622461226,0
0.761665248512256,0.649940102196563,0
0.762044227261151,0.649035498070761,0
0.762425408863781,0.648132411163571,0
0.762808788384185,0.647230840403706,0
0.7631943608864,0.646330784719883,0
0.763582121434468,0.645432243040818,0
0.763972065092426,0.644535214295224,0
0.764364186924313,0.643639697411817,0
0.764758481994169,0.642745691319314,0
0.765154945366031,0.641853194946428,0
0.76555357210394,0.640962207221876,0
0.765954357271934,0.640072727074373,0
0.766357295934052,0.639184753432634,0
0.766762383154332,0.638298285225374,0
0.767169613996815,0.637413321381309,0
0.767578983525538,0.636529860829154,0
0.767990486804541,0.635647902497624,0
0.768404118897862,0.634767445315435,0
0.768819874869541,0.633888488211302,0
0.769237749783617,0.63301103011394,0
0.769657738704127,0.632135069952065,0
0.770079836695112,0.631260606654391,0
0.770504038820611,0.630387639149635,0
0.770930340144661,0.629516166366512,0
0.771358735731303,0.628646187233736,0
0.771789220644574,0.627777700680023,0
0.772221789948514,0.626910705634089,0
0.772656438707162,0.626045201024649,0
0.773093161984558,0.625181185780418,0
0.773531954844738,0.624318658830111,0
0.773972812351743,0.623457619102444,0
0.774415729569612,0.622598065526132,0
0.774860701562384,0.621739997029891,0
0.775307723394096,0.620883412542435,0
0.775756790128789,0.62002831099248,0
0.776207896830502,0.619174691308742,0
0.776661038563272,0.618322552419935,0
0.777116210391139,0.617471893254775,0
0.777573407378143,0.616622712741977,0
0.778032624588322,0.615775009810258,0
0.778493857085714,0.614928783388331,0
0.778957099934359,0.614084032404912,0
0.779422348198296,0.613240755788717,0
0.779889596941564,0.61239895246846,0
0.780358841228201,0.611558621372858,0
0.780830076122246,0.610719761430625,0
0.781303296687739,0.609882371570478,0
0.781778497988719,0.60904645072113,0
0.782255675089223,0.608211997811297,0
0.782734823053292,0.607379011769696,0
0.783215936944964,0.606547491525041,0
0.783699011828279,0.605717436006047,0
0.784184042767273,0.604888844141429,0
0.784671024825989,0.604061714859904,0
0.785159953068462,0.603236047090186,0
0.785650822558734,0.602411839760991,0
0.786143628360842,0.601589091801033,0
0.786638365538826,0.60076780213903,0
0.787135029156724,0.599947969703694,0
0.787633614278576,0.599129593423743,0
0.78813411596842,0.59831267222789,0
0.788636529290296,0.597497205044853,0
0.789140849308242,0.596683190803345,0
0.789647071086297,0.595870628432082,0
0.7901551896885,0.59505951685978,0
0.79066520017889,0.594249855015154,0
0.791177097621506,0.593441641826919,0
0.791690877080387,0.59263487622379,0
0.792206533619571,0.591829557134483,0
0.792724062303098,0.591025683487714,0
0.793243458195007,0.590223254212196,0
0.793764716359337,0.589422268236646,0
0.794287831860126,0.58862272448978,0
0.794812799761414,0.587824621900311,0
0.795339615127238,0.587027959396957,0
0.795868273021639,0.586232735908431,0
0.796398768508656,0.58543895036345,0
0.796931096652326,0.584646601690728,0
0.79746525251669,0.583855688818982,0
0.798001231165785,0.583066210676925,0
0.798539027663651,0.582278166193274,0
0.799078637074328,0.581491554296744,0
0.799620054461853,0.58070637391605,0
0.800163274890265,0.579922623979908,0
0.800708293423604,0.579140303417032,0
0.801255105125909,0.578359411156139,0
0.801803705061218,0.577579946125943,0
0.802354088293571,0.57680190725516,0
0.802906249887006,0.576025293472505,0
0.803460184905561,0.575250103706693,0
0.804015888413278,0.57447633688644,0
0.804573355474193,0.573703991940462,0
0.805132581152346,0.572933067797472,0
0.805693560511777,0.572163563386187,0
0.806256288616523,0.571395477635323,0
0.806820760530623,0.570628809473593,0
0.807386971318118,0.569863557829714,0
0.807954916043045,0.569099721632401,0
0.808524589769444,0.56833729981037,0
0.809095987561353,0.567576291292334,0
0.809669104482812,0.566816695007011,0
0.810243935597859,0.566058509883115,0
0.810820475970533,0.565301734849362,0
0.811398720664874,0.564546368834466,0
0.811978664744919,0.563792410767144,0
0.812560303274709,0.56303985957611,0
0.813143631318282,0.56228871419008,0
0.813728643939676,0.561538973537769,0
0.814315336202931,0.560790636547892,0
0.814903703172086,0.560043702149165,0
0.81549373991118,0.559298169270303,0
0.816085441484251,0.558554036840022,0
0.816678802955339,0.557811303787036,0
0.817273819388482,0.557069969040061,0
0.81787048584772,0.556330031527813,0
0.818468797397091,0.555591490179006,0
0.819068749100634,0.554854343922356,0
0.819670336022388,0.554118591686579,0
0.820273553226392,0.553384232400388,0
0.820878395776686,0.552651264992501,0
0.821484858737307,0.551919688391632,0
0.822092937172295,0.551189501526497,0
0.822702626145689,0.55046070332581,0
0.823313920721527,0.549733292718288,0
0.82392681596385,0.549007268632645,0
0.824541306936694,0.548282629997597,0
0.825157388704101,0.547559375741859,0
0.825775056330107,0.546837504794147,0
0.826394304878753,0.546117016083175,0
0.827015129414078,0.545397908537659,0
0.827637525000119,0.544680181086315,0
0.828261486700916,0.543963832657857,0
0.828887009580509,0.543248862181002,0
0.829514088702935,0.542535268584463,0
0.830142719132235,0.541823050796958,0
0.830772895932446,0.5411122077472,0
0.831404614167608,0.540402738363906,0
0.832037868901759,0.53969464157579,0
0.832672655198939,0.538987916311568,0
0.833308968123187,0.538282561499955,0
0.833946802738541,0.537578576069667,0
0.834586154109041,0.536875958949419,0
0.835227017298724,0.536174709067926,0
0.835869387371631,0.535474825353903,0
0.8365132593918,0.534776306736067,0
0.83715862842327,0.534079152143131,0
0.83780548953008,0.533383360503812,0
0.838453837776269,0.532688930746824,0
0.839103668225876,0.531995861800884,0
0.83975497594294,0.531304152594706,0
0.840407755991499,0.530613802057005,0
0.841062003435593,0.529924809116498,0
0.841717713339261,0.529237172701899,0
0.84237488076654,0.528550891741924,0
0.843033500781472,0.527865965165287,0
0.843693568448093,0.527182391900705,0
0.844355078830444,0.526500170876893,0
0.845018026992563,0.525819301022565,0
0.84568240799849,0.525139781266438,0
0.846348216912262,0.524461610537226,0
0.847015448797919,0.523784787763646,0
0.8476840987195,0.523109311874411,0
0.848354161741044,0.522435181798238,0
0.849025632926589,0.521762396463841,0
0.849698507340176,0.521090954799937,0
0.850372780045841,0.52042085573524,0
0.851048446107626,0.519752098198466,0
0.851725500589567,0.51908468111833,0
0.852403938555705,0.518418603423548,0
0.853083755070078,0.517753864042834,0
0.853764945196726,0.517090461904904,0
0.854447503999686,0.516428395938474,0
0.855131426542999,0.515767665072258,0
0.855816707890703,0.515108268234972,0
0.856503343106837,0.514450204355332,0
0.857191327255439,0.513793472362052,0
0.857880655400549,0.513138071183848,0
0.858571322606206,0.512483999749435,0
0.859263323936448,0.511831256987529,0
0.859956654455315,0.511179841826844,0
0.860651309226846,0.510529753196098,0
0.861347283315078,0.509880990024003,0
0.862044571784053,0.509233551239276,0
0.862743169697807,0.508587435770632,0
0.86344307212038,0.507942642546787,0
0.864144274115812,0.507299170496456,0
0.864846770748141,0.506657018548354,0
0.865550557081405,0.506016185631195,0
0.866255628179645,0.505376670673698,0
0.866961979106898,0.504738472604574,0
0.867669604927204,0.504101590352542,0
0.868378500704601,0.503466022846314,0
0.869088661503129,0.502831769014608,0
0.869800082386827,0.502198827786138,0
0.870512758419733,0.50156719808962,0
0.871226684665886,0.500936878853769,0
0.871941856189326,0.5003078690073,0
0.872658268054091,0.499680167478928,0
0.87337591532422,0.49905377319737,0
0.874094793063752,0.498428685091339,0
0.874814896336726,0.497804902089553,0
0.87553622020718,0.497182423120725,0
0.876258759739155,0.496561247113571,0
0.876982509996688,0.495941372996806,0
0.87770746604382,0.495322799699147,0
0.878433622944587,0.494705526149307,0
0.879160975763031,0.494089551276003,0
0.879889519563188,0.49347487400795,0
0.880619249409099,0.492861493273863,0
0.881350160364803,0.492249408002457,0
0.882082247494337,0.491638617122447,0
0.882815505861742,0.49102911956255,0
0.883549930531056,0.49042091425148,0
0.884285516566317,0.489814000117953,0
0.885022259031566,0.489208376090683,0
0.885760152990841,0.488604041098387,0
0.88649919350818,0.488000994069779,0
0.887239375647623,0.487399233933576,0
0.887980694473209,0.486798759618491,0
0.888723145048976,0.486199570053241,0
0.889466722438964,0.485601664166541,0
0.890211421707211,0.485005040887106,0
0.890957237917756,0.484409699143652,0
0.891704166134639,0.483815637864893,0
0.892452201421898,0.483222855979546,0
0.893201338843572,0.482631352416325,0
0.8939515734637,0.482041126103945,0
0.894702900346321,0.481452175971123,0
0.895455314555474,0.480864500946573,0
0.896208811155198,0.480278099959011,0
0.896963385209531,0.479692971937151,0
0.897719031782514,0.47910911580971,0
0.898475745938183,0.478526530505403,0
0.89923352274058,0.477945214952945,0
0.899992357253741,0.477365168081051,0
0.900752244541707,0.476786388818436,0
0.901513179668517,0.476208876093817,0
0.902275157698208,0.475632628835907,0
0.903038173694821,0.475057645973423,0
0.903802222722394,0.47448392643508,0
0.904567299844965,0.473911469149593,0
0.905333400126575,0.473340273045678,0
0.906100518631262,0.472770337052049,0
0.906868650423064,0.472201660097423,0
0.907637790566021,0.471634241110514,0
0.908407934124171,0.471068079020038,0
0.909179076161555,0.47050317275471,0
0.909951211742209,0.469939521243245,0
0.910724335930174,0.469377123414359,0
0.911498443789489,0.468815978196767,0
0.912273530384191,0.468256084519184,0
0.913049590778321,0.467697441310326,0
0.913826620035917,0.467140047498907,0
0.914604613221018,0.466583902013645,0
0.915383565397663,0.466029003783252,0
0.91616347162989,0.465475351736446,0
0.91694432698174,0.464922944801941,0
0.91772612651725,0.464371781908452,0
0.91850886530046,0.463821861984695,0
0.919292538395409,0.463273183959386,0
0.920077140866135,0.462725746761239,0
0.920862667776677,0.462179549318969,0
0.921649114191075,0.461634590561293,0
0.922436475173367,0.461090869416926,0
0.923224745787592,0.460548384814582,0
0.92401392109779,0.460007135682977,0
0.924803996167998,0.459467120950826,0
0.925594966062257,0.458928339546845,0
0.926386825844604,0.45839079039975,0
0.927179570579079,0.457854472438254,0
0.927973195329721,0.457319384591074,0
0.928767695160569,0.456785525786926,0
0.929563065135661,0.456252894954523,0
0.930359300319037,0.455721491022582,0
0.931156395774735,0.455191312919818,0
0.931954346566795,0.454662359574947,0
0.932753147759254,0.454134629916682,0
0.933552794416154,0.453608122873741,0
0.934353281601531,0.453082837374838,0
0.935154604379426,0.452558772348688,0
0.935956757813876,0.452035926724007,0
0.936759736968922,0.451514299429511,0
0.937563536908601,0.450993889393913,0
0.938368152696953,0.450474695545931,0
0.939173579398017,0.449956716814278,0
0.939979812075832,0.449439952127671,0
0.940786845794436,0.448924400414825,0
0.941594675617868,0.448410060604455,0
0.942403296610168,0.447896931625276,0
0.943212703835374,0.447385012406004,0
0.944022892357526,0.446874301875353,0
0.944833857240662,0.44636479896204,0
0.94564559354882,0.44585650259478,0
0.946458096346042,0.445349411702288,0
0.947271360696363,0.444843525213278,0
0.948085381663826,0.444338842056468,0
0.948900154312466,0.443835361160571,0
0.949715673706325,0.443333081454303,0
0.95053193490944,0.44283200186638,0
0.951348932985851,0.442332121325517,0
0.952166662999595,0.441833438760429,0
0.952985120014714,0.441335953099831,0
0.953804299095245,0.440839663272439,0
0.954624195305228,0.440344568206969,0
0.9554448037087,0.439850666832134,0
0.956266119369702,0.439357958076652,0
0.957088137352272,0.438866440869236,0
0.957910852720449,0.438376114138603,0
0.958734260538271,0.437886976813467,0
0.959558355869779,0.437399027822545,0
0.960383133779011,0.43691226609455,0
0.961208589330005,0.4364266905582,0
0.9620347175868,0.435942300142208,0
0.962861513613437,0.43545909377529,0
0.963688972473953,0.434977070386162,0
0.964517089232387,0.434496228903539,0
0.965345858952779,0.434016568256137,0
0.966175276699167,0.433538087372669,0
0.967005337535589,0.433060785181853,0
0.967836036526087,0.432584660612402,0
0.968667368734697,0.432109712593033,0
0.969499329225459,0.431635940052462,0
0.970331913062412,0.431163341919401,0
0.971165115309595,0.430691917122569,0
0.971998931031047,0.430221664590679,0
0.972833355290806,0.429752583252447,0
0.973668383152912,0.429284672036589,0
0.974504009681403,0.428817929871819,0
0.975340229940319,0.428352355686853,0
0.976177038993699,0.427887948410407,0
0.97701443190558,0.427424706971195,0
0.977852403740003,0.426962630297933,0
0.978690949561005,0.426501717319337,0
0.979530064432628,0.426041966964121,0
0.980369743418908,0.425583378161001,0
0.981209981583885,0.425125949838692,0
0.982050773991597,0.424669680925909,0
0.982892115706085,0.424214570351369,0
0.983734001791386,0.423760617043785,0
0.98457642731154,0.423307819931874,0
0.985419387330585,0.422856177944351,0
0.986262876912561,0.422405690009931,0
0.987106891121507,0.42195635505733,0
0.98795142502146,0.421508172015262,0
0.988796473676461,0.421061139812443,0
0.989642032150548,0.420615257377589,0
0.99048809550776,0.420170523639414,0
0.991334658812137,0.419726937526634,0
0.992181717127716,0.419284497967965,0
0.993029265518537,0.418843203892121,0
0.993877299048639,0.418403054227818,0
0.99472581278206,0.417964047903772,0
0.995574801782841,0.417526183848697,0
0.996424261115018,0.417089460991309,0
0.997274185842633,0.416653878260323,0
0.998124571029723,0.416219434584454,0
0.998975411740327,0.415786128892419,0
0.999826703038484,0.415353960112932,0
1.00067843998823,0.414922927174708,0
1.00153061765361,0.414493029006463,0
1.00238323109867,0.414064264536912,0
1.00323627538743,0.413636632694771,0
1.00408974558393,0.413210132408754,0
1.00494363675223,0.412784762607577,0
1.00579794395635,0.412360522219956,0
1.00665266226033,0.411937410174605,0
1.00750778672822,0.411515425400241,0
1.00836331242405,0.411094566825578,0
1.00921923441187,0.410674833379331,0
1.0100755477557,0.410256223990216,0
1.01093224751959,0.409838737586949,0
1.01178932876758,0.409422373098244,0
1.01264678656371,0.409007129452817,0
1.01350461597201,0.408593005579384,0
1.01436281205653,0.408180000406659,0
1.01522136988131,0.407768112863358,0
1.01608028451037,0.407357341878196,0
1.01693955100777,0.406947686379888,0
1.01779916443754,0.40653914529715,0
1.01865911986372,0.406131717558698,0
1.01951941235034,0.405725402093246,0
1.02038003696146,0.405320197829509,0
1.0212409887611,0.404916103696204,0
1.0221022628133,0.404513118622045,0
1.02296385418211,0.404111241535748,0
1.02382575793157,0.403710471366027,0
1.0246879691257,0.4033108070416,0
1.02555048282856,0.402912247491179,0
1.02641329410417,0.402514791643482,0
1.02727639801659,0.402118438427223,0
1.02813978962984,0.401723186771118,0
1.02900346400797,0.401329035603881,0
1.02986741621502,0.400935983854229,0
1.03073164131502,0.400544030450876,0
1.03159613437201,0.400153174322539,0
1.03246089045004,0.399763414397931,0
1.03332590461314,0.399374749605769,0
1.03419117192535,0.398987178874768,0
1.0350566874507,0.398600701133642,0
1.03592244625325,0.398215315311109,0
1.03678844339702,0.397831020335882,0
1.03765467394606,0.397447815136677,0
1.0385211329644,0.39706569864221,0
1.03938781551609,0.396684669781195,0
1.04025471666516,0.396304727482348,0
1.04112183147565,0.395925870674385,0
1.0419891550116,0.39554809828602,0
1.04285668233706,0.395171409245969,0
1.04372440851605,0.394795802482948,0
1.04459232861261,0.394421276925671,0
1.0454604376908,0.394047831502854,0
1.04632873081464,0.393675465143213,0
1.04719720304817,0.393304176775462,0
1.04806584945544,0.392933965328316,0
1.04893466510048,0.392564829730492,0
1.04980364504733,0.392196768910705,0
1.05067278436003,0.391829781797669,0
1.05154207810262,0.391463867320101,0
1.05241152133913,0.391099024406715,0
1.05328110913362,0.390735251986226,0
1.0541508365501,0.390372548987351,0
1.05502069865264,0.390010914338804,0
1.05589069050525,0.389650346969301,0
1.05676080717199,0.389290845807557,0
1.05763104371689,0.388932409782287,0
1.05850139520399,0.388575037822207,0
1.05937185669733,0.388218728856032,0
1.06024242326095,0.387863481812478,0
1.06111308995889,0.387509295620259,0
1.06198385185518,0.38715616920809,0
1.06285470401386,0.386804101504689,0
1.06372564149898,0.386453091438768,0
1.06459665937457,0.386103137939045,0
1.06546775270468,0.385754239934234,0
1.06633891655333,0.38540639635305,0
1.06721014598458,0.385059606124209,0
1.06808143606245,0.384713868176426,0
1.06895278185099,0.384369181438417,0
1.06982417841423,0.384025544838896,0
1.07069562081622,0.38368295730658,0
1.071567104121,0.383341417770183,0
1.0724386233926,0.383000925158421,0
1.07331017369506,0.382661478400009,0
1.07418175009242,0.382323076423662,0
1.07505334764872,0.381985718158095,0
1.075924961428,0.381649402532025,0
1.0767965864943,0.381314128474166,0
1.07766821791165,0.380979894913234,0
1.0785398507441,0.380646700777944,0
1.07941148005568,0.380314544997011,0
1.08028310091044,0.379983426499151,0
1.08115470837241,0.379653344213078,0
1.08202629750563,0.379324297067509,0
1.08289786337414,0.378996283991158,0
1.08376940104198,0.378669303912741,0
1.08464090557319,0.378343355760973,0
1.0855123720318,0.37801843846457,0
1.08638379548186,0.377694550952246,0
1.08725517098741,0.377371692152718,0
1.08812649361248,0.3770498609947,0
1.08899775842111,0.376729056406907,0
1.08986896047734,0.376409277318056,0
1.09074009484522,0.376090522656861,0
1.09161115658877,0.375772791352038,0
1.09248214077204,0.375456082332302,0
1.09335304245907,0.375140394526368,0
1.0942238567139,0.374825726862952,0
1.09509457860056,0.374512078270769,0
1.09596520318309,0.374199447678534,0
1.09683572552554,0.373887834014962,0
1.09770614069194,0.37357723620877,0
1.09857644374633,0.373267653188672,0
1.09944662975274,0.372959083883383,0
1.10031669377523,0.372651527221619,0
1.10118663087783,0.372344982132095,0
1.10205643612457,0.372039447543527,0
1.1029261045795,0.37173492238463,0
1.10379563130665,0.371431405584118,0
1.10466501137007,0.371128896070709,0
1.10553423983378,0.370827392773115,0
1.10640331176184,0.370526894620054,0
1.10727222221828,0.370227400540241,0
1.10814096626714,0.36992890946239,0
1.10900953897245,0.369631420315217,0
1.10987793539827,0.369334932027437,0
1.11074615060861,0.369039443527766,0
1.11161417966754,0.368744953744919,0
1.11248201763907,0.368451461607611,0
1.11334965958726,0.368158966044558,0
1.11421710057614,0.367867465984475,0
1.11508433566975,0.367576960356077,0
1.11595135993213,0.36728744808808,0
1.11681816842732,0.366998928109198,0
1.11768475621936,0.366711399348148,0
1.11855111837228,0.366424860733643,0
1.11941724995013,0.366139311194401,0
1.12028314601694,0.365854749659136,0
1.12114880163675,0.365571175056564,0
1.12201421187361,0.365288586315399,0
1.12287937179154,0.365006982364357,0
1.1237442764546,0.364726362132154,0
1.12460892092681,0.364446724547504,0
1.12547330027222,0.364168068539124,0
1.12633740955487,0.363890393035727,0
1.1272012438388,0.363613696966031,0
1.12806479818803,0.363337979258749,0
1.12892806766663,0.363063238842598,0
1.12979104733861,0.362789474646292,0
1.13065373226802,0.362516685598547,0
1.13151611751891,0.362244870628079,0
1.1323781981553,0.361974028663601,0
1.13323996924124,0.361704158633831,0
1.13410142584077,0.361435259467483,0
1.13496256301792,0.361167330093273,0
1.13582337583674,0.360900369439915,0
1.13668385936126,0.360634376436125,0
1.13754400865553,0.360369350010619,0
1.13840381878357,0.360105289092112,0
1.13926328480944,0.359842192609319,0
1.14012240179716,0.359580059490955,0
1.14098116481079,0.359318888665736,0
1.14183956891435,0.359058679062377,0
1.14269760917188,0.358799429609593,0
1.14355528064743,0.3585411392361,0
1.14441257840504,0.358283806870613,0
1.14526949750874,0.358027431441847,0
1.14612603302256,0.357772011878518,0
1.14698218001056,0.35751754710934,0
1.14783793353677,0.35726403606303,0
1.14869328866523,0.357011477668303,0
1.14954824045998,0.356759870853873,0
1.15040278398505,0.356509214548457,0
1.15125691430449,0.356259507680769,0
1.15211062648233,0.356010749179525,0
1.15296391558261,0.35576293797344,0
1.15381677666938,0.35551607299123,0
1.15466920480667,0.355270153161609,0
1.15552119505852,0.355025177413293,0
1.15637274248896,0.354781144674998,0
1.15722384216205,0.354538053875439,0
1.15807448914181,0.35429590394333,0
1.15892467849228,0.354054693807388,0
1.15977440527751,0.353814422396328,0
1.16062366456154,0.353575088638864,0
1.16147245140839,0.353336691463713,0
1.16232076088212,0.35309922979959,0
1.16316858804676,0.352862702575209,0
1.16401592796635,0.352627108719287,0
1.16486277570492,0.352392447160538,0
1.16570912632653,0.352158716827678,0
1.16655497489519,0.351925916649423,0
1.16740031647497,0.351694045554486,0
1.16824514612988,0.351463102471585,0
1.16908945892398,0.351233086329434,0
1.16993324992131,0.351003996056748,0
1.17077651418589,0.350775830582243,0
1.17161924678177,0.350548588834635,0
1.17246144277299,0.350322269742637,0
1.17330309722359,0.350096872234967,0
1.1741442051976,0.349872395240338,0
1.17498476175907,0.349648837687467,0
1.17582476197203,0.349426198505068,0
1.17666420090053,0.349204476621858,0
1.17750307360859,0.34898367096655,0
1.17834137516027,0.348763780467862,0
1.1791791006196,0.348544804054507,0
1.18001624505062,0.348326740655202,0
1.18085280351736,0.348109589198661,0
1.18168877108387,0.3478933486136,0
1.18252414281419,0.347678017828734,0
1.18335891377235,0.347463595772779,0
1.1841930790224,0.34725008137445,0
1.18502663362836,0.347037473562462,0
1.18585957265429,0.34682577126553,0
1.18669189116422,0.34661497341237,0
1.18752358422219,0.346405078931697,0
1.18835464689223,0.346196086752227,0
1.1891850742384,0.345987995802674,0
1.19001486132471,0.345780805011754,0
1.19084400321523,0.345574513308183,0
1.19167249497397,0.345369119620676,0
1.19250033166499,0.345164622877947,0
1.19332750835232,0.344961022008713,0
1.1941540201,0.344758315941688,0
1.19497986197208,0.344556503605589,0
1.19580502903257,0.344355583929129,0
1.19662951634554,0.344155555841026,0
1.19745331897501,0.343956418269993,0
1.19827643198503,0.343758170144746,0
1.19909885043963,0.343560810394001,0
1.19992056940286,0.343364337946473,0
1.20074158393874,0.343168751730877,0
1.20156188911133,0.342974050675928,0
1.20238147998466,0.342780233710342,0
1.20320035162276,0.342587299762835,0
1.20401849908969,0.34239524776212,0
1.20483591744947,0.342204076636915,0
1.20565260176614,0.342013785315933,0
1.20646854710375,0.341824372727891,0
1.20728374852633,0.341635837801504,0
1.20809820109793,0.341448179465487,0
1.20891189988257,0.341261396648555,0
1.20972483994431,0.341075488279423,0
1.21053701634718,0.340890453286808,0
1.21134842415521,0.340706290599424,0
1.21215905843245,0.340522999145986,0
1.21296891424293,0.340340577855211,0
1.2137779866507,0.340159025655812,0
1.2145862707198,0.339978341476506,0
1.21539376151426,0.339798524246008,0
1.21620045409811,0.339619572893034,0
1.21700634353541,0.339441486346297,0
1.21781142489019,0.339264263534515,0
1.21861569322649,0.339087903386401,0
1.21941914360834,0.338912404830672,0
1.22022177109979,0.338737766796043,0
1.22102357076487,0.338563988211229,0
1.22182453766763,0.338391068004946,0
1.2226246668721,0.338219005105907,0
1.22342395344232,0.33804779844283,0
1.22422239244234,0.33787744694443,0
1.22501997893618,0.337707949539421,0
1.22581670798789,0.337539305156519,0
1.22661257466151,0.337371512724439,0
1.22740757402108,0.337204571171897,0
1.22820170113063,0.337038479427608,0
1.2289949510542,0.336873236420287,0
1.22978731885584,0.336708841078649,0
1.23057879959958,0.336545292331411,0
1.23136938834946,0.336382589107286,0
1.23215908016953,0.336220730334992,0
1.23294787012381,0.336059714943241,0
1.23373575327634,0.335899541860752,0
1.23452272469118,0.335740210016237,0
1.23530877943235,0.335581718338413,0
1.2360939125639,0.335424065755996,0
1.23687811914986,0.3352672511977,0
1.23766139425427,0.33511127359224,0
1.23844373294117,0.334956131868333,0
1.2392251302746,0.334801824954692,0
1.2400055813186,0.334648351780035,0
1.24078508113722,0.334495711273076,0
1.24156362479447,0.334343902362529,0
1.24234120735442,0.334192923977112,0
1.24311782388108,0.334042775045538,0
1.24389346943852,0.333893454496524,0
1.24466813909075,0.333744961258784,0
1.24544182790183,0.333597294261034,0
1.24621453093579,0.333450452431989,0
1.24698624325666,0.333304434700365,0
1.2477569599285,0.333159239994877,0
1.24852667601533,0.333014867244239,0
1.2492953865812,0.332871315377168,0
1.25006308669015,0.332728583322379,0
1.25082977140621,0.332586670008587,0
1.25159543579342,0.332445574364508,0
1.25236007491582,0.332305295318856,0
1.25312368383746,0.332165831800347,0
1.25388625762236,0.332027182737697,0
1.25464779133457,0.33188934705962,0
1.25540828003814,0.331752323694832,0
1.25616771879708,0.331616111572049,0
1.25692610267546,0.331480709619985,0
1.2576834267373,0.331346116767356,0
1.25843968604664,0.331212331942877,0
1.25919487566752,0.331079354075264,0
1.25994899066399,0.330947182093232,0
1.26070202610007,0.330815814925496,0
1.26145397703982,0.330685251500771,0
1.26220483854726,0.330555490747774,0
1.26295460568644,0.330426531595218,0
1.2637032735214,0.33029837297182,0
1.26445083711617,0.330171013806295,0
1.26519729153479,0.330044453027358,0
1.26594263184131,0.329918689563724,0
1.26668685309976,0.329793722344109,0
1.26742995037418,0.329669550297228,0
1.2681719187286,0.329546172351797,0
1.26891275322708,0.32942358743653,0
1.26965244893365,0.329301794480143,0
1.27039100091234,0.329180792411351,0
1.27112840422719,0.32906058015887,0
1.27186465394225,0.328941156651415,0
1.27259974512155,0.328822520817702,0
1.27333367282914,0.328704671586444,0
1.27406643212905,0.328587607886359,0
1.27479801808531,0.328471328646161,0
1.27552842576198,0.328355832794566,0
1.27625765022308,0.328241119260288,0
1.27698568653266,0.328127186972043,0
1.27771252975475,0.328014034858547,0
1.2784381749534,0.327901661848515,0
1.27916261719264,0.327790066870662,0
1.27988585153651,0.327679248853703,0
1.28060787304906,0.327569206726354,0
1.28132867679432,0.32745993941733,0
1.28204825783632,0.327351445855347,0
1.28276661123911,0.327243724969119,0
1.28348373206673,0.327136775687362,0
1.28419961538322,0.327030596938791,0
1.28491425625261,0.326925187652122,0
1.28562764973894,0.32682054675607,0
1.28633979090626,0.326716673179351,0
1.2870506748186,0.326613565850679,0
1.28776029654,0.326511223698769,0
1.28846865113449,0.326409645652338,0
1.28917573366613,0.326308830640101,0
1.28988153919894,0.326208777590772,0
1.29058606279697,0.326109485433068,0
1.29128929952426,0.326010953095703,0
1.29199124444484,0.325913179507393,0
1.29269189262275,0.325816163596853,0
1.29339123912203,0.325719904292798,0
1.29408927900673,0.325624400523944,0
1.29478600734087,0.325529651219007,0
1.2954814191885,0.3254356553067,0
1.29617550961366,0.325342411715741,0
1.29686827368039,0.325249919374843,0
1.29755970645272,0.325158177212722,0
1.2982498029947,0.325067184158095,0
1.29893855837036,0.324976939139675,0
1.29962596764374,0.324887441086179,0
1.30031202587888,0.324798688926321,0
1.30099672813983,0.324710681588817,0
1.30168006949061,0.324623418002382,0
1.30236204499527,0.324536897095732,0
1.30304264971785,0.324451117797582,0
1.30372187872238,0.324366079036646,0
1.30439972707291,0.324281779741642,0
1.30507618983347,0.324198218841283,0
1.3057512620681,0.324115395264285,0
1.30642493884085,0.324033307939364,0
1.30709721521574,0.323951955795234,0
1.30776808625683,0.323871337760612,0
1.30843754702814,0.323791452764212,0
1.30910559259372,0.32371229973475,0
1.30977221801761,0.32363387760094,0
1.31043741836384,0.323556185291499,0
1.31110118869645,0.323479221735142,0
1.31176352407949,0.323402985860584,0
1.31242441957699,0.32332747659654,0
1.31308387025299,0.323252692871725,0
1.31374187117153,0.323178633614855,0
1.31439841739665,0.323105297754646,0
1.31505350399239,0.323032684219812,0
1.31570712602278,0.32296079193907,0
1.31635927855187,0.322889619841133,0
1.31700995664369,0.322819166854718,0
1.31765915536229,0.322749431908539,0
1.3183068697717,0.322680413931313,0
1.31895309493595,0.322612111851754,0
1.3195978259191,0.322544524598578,0
1.32024105778518,0.3224776511005,0
1.32088278559823,0.322411490286236,0
1.32152300442228,0.3223460410845,0
1.32216170932138,0.322281302424008,0
1.32279889535956,0.322217273233476,0
1.32343455760087,0.322153952441618,0
1.32406869110933,0.32209133897715,0
1.324701290949,0.322029431768788,0
1.32533235218391,0.321968229745246,0
1.3259618698781,0.32190773183524,0
1.32658983909561,0.321847936967485,0
1.32721625490048,0.321788844070697,0
1.32784111235674,0.321730452073591,0
1.32846440652843,0.321672759904881,0
1.3290861324796,0.321615766493285,0
1.32970628527428,0.321559470767516,0
1.33032485997652,0.32150387165629,0
1.33094185165034,0.321448968088323,0
1.3315572553598,0.32139475899233,0
1.33217106616892,0.321341243297026,0
1.33278327914175,0.321288419931126,0
1.33339388934233,0.321236287823346,0
1.33400289183469,0.3211848459024,0
1.33461028168287,0.321134093097006,0
1.33521605395092,0.321084028335877,0
1.33582020370287,0.321034650547729,0
1.33642272600276,0.320985958661277,0
1.33702361591464,0.320937951605237,0
1.33762286850253,0.320890628308323,0
1.33822047883048,0.320843987699252,0
1.33881644196252,0.320798028706739,0
1.3394107529627,0.320752750259498,0
1.34000340689506,0.320708151286246,0
1.34059439882363,0.320664230715697,0
1.34118372381245,0.320620987476567,0
1.34177137692556,0.320578420497572,0
1.342357353227,0.320536528707425,0
1.34294164778081,0.320495311034844,0
1.34352425565103,0.320454766408542,0
1.3441051719017,0.320414893757236,0
1.34468439159685,0.320375692009641,0
1.34526190980053,0.320337160094472,0
1.34583772157677,0.320299296940444,0
1.34641182198961,0.320262101476273,0
1.3469842061031,0.320225572630673,0
1.34755486898127,0.320189709332361,0
1.34812380568815,0.320154510510052,0
1.3486910112878,0.320119975092461,0
1.34925648084424,0.320086102008303,0
1.34982020942152,0.320052890186293,0
1.35038219208367,0.320020338555148,0
1.35094242389474,0.319988446043581,0
1.35150089991875,0.319957211580309,0
1.35205761521977,0.319926634094047,0
1.35261256486181,0.319896712513511,0
1.35316574390892,0.319867445767414,0
1.35371714742514,0.319838832784474,0
1.35426677047451,0.319810872493404,0
1.35481460812107,0.319783563822921,0
1.35536065542885,0.31975690570174,0
1.35590490746189,0.319730897058575,0
1.35644735928424,0.319705536822144,0
1.35698800595994,0.319680823921159,0
1.35752684255301,0.319656757284338,0
1.3580638641275,0.319633335840395,0
1.35859906574745,0.319610558518046,0
1.3591324424769,0.319588424246006,0
1.35966398937989,0.31956693195299,0
1.36019370152045,0.319546080567713,0
1.36072157396263,0.319525869018892,0
1.36124760177046,0.319506296235241,0
1.36177178000798,0.319487361145475,0
1.36229410373924,0.31946906267831,0
1.36281456802826,0.319451399762461,0
1.3633331679391,0.319434371326644,0
1.36384989853578,0.319417976299574,0
1.36436475488235,0.319402213609965,0
1.36487773204285,0.319387082186534,0
1.36538882508131,0.319372580957996,0
1.36589802906177,0.319358708853066,0
1.36640533904828,0.319345464800459,0
1.36691075010487,0.319332847728891,0
1.36741425729558,0.319320856567077,0
1.36791585568446,0.319309490243733,0
1.36841554033553,0.319298747687573,0
1.36891330631283,0.319288627827313,0
1.36940914868042,0.319279129591668,0
1.36990306250232,0.319270251909354,0
1.37039504284257,0.319261993709086,0
1.37088508476522,0.319254353919579,0
1.3713731833343,0.319247331469548,0
1.37185933361385,0.319240925287709,0
1.37234353066791,0.319235134302778,0
1.37282576956051,0.319229957443469,0
1.37330604535571,0.319225393638498,0
1.37378435311754,0.31922144181658,0
1.37426068791003,0.31921810090643,0
1.37473504479722,0.319215369836765,0
1.37520741884316,0.319213247536298,0
1.37567780511188,0.319211732933745,0
1.37614619866742,0.319210824957823,0
1.37661259457382,0.319210522537245,0
